0	264.6	53.5	269.9	107.7	271.3	147	273.7	170.6	272.8	213.3	271.8	253.1	270.4	299.6	270.4	343.3	271.3	389.9	272.3	421.5	275.2	448.4	275.2	471.9	282.3	497.8	286.2
352	286.6	386.5	280.9	411	278.5	444.6	269.9	467.6	268	491.6	268	500.7	268														
458.3	278.2	482.5	276.6	501.2	275.2	414.7	274.6	439.3	266.6	461.4	264.2	484.9	263.7	498.8	261.8												
233.4	0.7	237.7	21.7	242.1	42.8																						
235.3	44.7	238.2	63.3	239.2	75.3	235.3	93	234.4	115.4	235.8	154.7	240.1	192.9	242.1	225.9	238.2	251.3	239.7	264.6	244.5	294.8	245.9	344.5	247.3	400.5	247.8	436.3
226.7	486.5	260.8	487	289.1	486.5	313.6	487.5																				
223.2	418.7	239.5	419.4	259.3	419	282.3	417.5	306.1	415.9	323.9	415.9	338.2	417.1														
316.4	415.9	345.8	412.3	364.8	412.7	388.2	411.1																				
375.5	408	392.1	408	401.7	408.4	410.8	408	421.9	405.2	431.4	401.3	442.1	398.5	454.8	395.7												
372.7	420.6	394.9	425.4	413.2	428.1	422.7	429.3																				
342.2	427	366.8	428.9	396.9	432.5	411.6	433.3	422.3	433.3																		
325.5	424.6	340.6	424.2	360.1	428.4																						
340.6	424.2	360.4	421.4	372.7	420.6																						
372.7	420.6	392.1	418.3																								
344.6	418.7	362.1	421.3																								
392.1	418.3	403.2	417.9																								
243.5	425.4	263.7	427	283.9	427.3	304.5	427																				
279.5	432.9	297.8	431.7	310.1	432.5	325.5	435.2	339.8	436	353.3	438																
360.1	428.4	378.3	447.1	383	453.8	387.8	460.1																				
326.3	474	345.4	466.9	361.6	459	369.1	455.4																				
360.4	445.9	369.1	455.4																								
369.1	455.4	377.1	462.9																								
354.6	462.4	365.2	463.3	377.1	462.9																						
377.1	462.9	393.3	457.4	406.4	452.6																						
356.1	443.2	373.5	446.7																								
277.6	370.5	270.8	411.9	269.2	442.4	268	475.5	269.6	499.3																		
124.9	434.5	145.5	436.4	163.8	435.6	180.4	436.8	190.7	437.6																		
185.2	439.6	213.3	446.7	240.7	452.6	256.9	455.8	268.7	455.8																		
283.1	462.5	304.9	463.3	315.2	464.1																						
247.3	400.5	263.7	402.1	281.9	402.5	296.6	401.7																				
300.2	404.4	316	405.2																								
219.7	359	238.7	354.6	256.5	350.3	266.5	344.8																				
208.6	352.7	229.6	353.5	253.4	357.4	276.4	361.8	306.1	369.3	323.5	373.2	339.8	379.5	345.8	381.1												
286.3	381.1	308.9	378.4	316.8	376.8																						
259.7	362.2	277.6	370.5																								
277.6	370.5	295.4	383.1	303.7	389.4	308.9	396.1																				
307.7	404.8	308.9	396.1																								
308.9	396.1	312.4	385.5																								
308.9	378.4	312.4	385.5																								
312.4	385.5	317.2	397.3	319.2	407.2																						
313.5	377.4	333.5	381.9	341.8	383.9	352.1	384.7	360.4	384.7																		
349.7	381.9	360.8	379.5	368.3	380.3	377.1	383.1	385.8	387.8	392.1	390.6																
369.5	387.8	383.4	395.3	390.6	403.6																						
368.7	420.9	378.7	414.7	390.6	403.6																						
390.6	403.6	396.1	400.9	397.3	390.6	398.9	367.7	400.9	347.9	405.2	332.1	408.8	315.1	410	298.2	412	268.9	412.8	244.8	419.9	202.9	424.3	167.8	425.8	132.2	429	74.9
393.7	394.2	404.4	400.1	408.8	402.9																						
396.1	400.9	400.1	412.3	398.1	440.8	396	456.4																				
398.7	432.5	406.4	416.7	414.7	396.5	421.1	375.2	429.4	349.5	436.9	329																
357.6	368.9	371.1	367.7	382.2	363.7	392.1	359.4	408.4	352.3	417.5	351.1	423.5	351.1	435	354.3												
286.7	344.8	312.4	351.5	336.6	362.9	361.2	374.4	367.6	376																		
349.7	374.4	367.6	376																								
367.6	376	384.2	374.8	391.3	374	404.8	376.4	414.7	378	429.4	376.4	448.8	376.8	466.7	378.8												
409.1	377.1	433.4	370.1	438.5	368.9																						
397.5	387.4	413.5	399.6																								
404.4	387.8	415.2	395																								
424.3	398.9	422.7	417.9																								
426.2	416.7	436.9	389	442.1	379.1																						
439.7	411.1	440.9	389.4	442.1	379.1																						
442.1	379.1	440.5	360.6	438.9	326.2	439.7	308	440.9	293.4	440.1	275.2																
360	353.5	385	366.9																								
358.4	363.7	374.7	351.1	391.7	341.6	412.8	332.1																				
390.6	327	417.1	327.8	430.2	328.6																						
433.4	323.4	450.4	323.8	472.6	324.2	496.8	323.4																				
440.5	360.6	444.1	349.1	452.4	335.3																						
452.4	350.3	464.7	352.3	471	347.1																						
336.6	344.4	343.4	360.6																								
322.8	301.7	312.1	322.6																								
325.1	293	326.3	313.2	325.5	324.2	324.7	333.3	325.9	340.8																		
338.2	323	373.5	316.7	419.5	307.6	439.7	308																				
439.7	308	452	301.7	463.1	296.6	471.4	294.6	479	292.6	489.3	290.6	498.4	289.5														
487.7	296.2	499.6	295																								
454	286.7	469.1	286.7																								
452.8	282.7	461.1	283.1																								
279.9	291.4	297.8	288.7	319.2	286.7	335.8	285.1	348.1	282.3	358	280	366.8	280														
278.3	286.7	302.9	281.6	316	280.8	324.7	280.8	333.9	281.6	344.9	283.1																
240.2	238.3	269.3	249.7	296.2	259.3																						
319.2	263.3	343.3	256.5	359.8	252.1																						
317.1	255.7	315.1	193.6	311.9	142.3	309.5	98.3	305.9	52.2	303.1	20.6	302.3	6.9														
350.9	27.4	349.3	74.6	343.7	124.3	336.8	187.2	331.6	219.7																		
249.2	198.4	261.7	196	277.3	194.8	288.6	196																				
285.4	192.4	298.7	196.4	315.4	203.3																						
363.4	230.1	383.9	231.7	400.4	233.7																						
378.3	239.7	397.5	226.5																								
316.7	241.7	348.5	243.3	373.4	245.3																						
321.2	193.2	331.6	189.6	347.3	186	361.8	181.2																				
323.2	179.2	354.5	189.2	364.6	191.2	373.8	188.4	400.8	177.2																		
351.4	188.2	364.2	186																								
369.2	189.8	389.1	197.2																								
332	154.8	353.7	148.4	374.2	145.9	395.1	145.1	412.8	145.9	425.1	148																
312.8	156.5	332.8	149.6	349.7	145.5	371.8	142.7	378.3	142.7																		
316.7	152.4	332.8	149.6																								
393.5	140.3	412.7	145.9																								
307.5	144.3	322	139.5	332	135.5																						
251.2	148.4	279.4	143.1	301.1	136.7	315.1	134.3	331.6	135.7																		
331.6	135.7	342.4	135.9																								
342.4	135.9	350.5	132.7	356.9	132.7	366.6	133.1	374.2	134.3																		
280.6	145.9	301.5	140.3	322.6	135																						
369.8	129.1	388.7	131.9	405.6	135.5	419.7	137.9	435.7	139.9	451.4	139.1	463.9	140.3	478.4	143.1												
441.4	139.6	455.4	142.7	467.9	144.3	478.4	143.1																				
405.6	135.5	416.8	131.9	441.4	132.7	469.1	134.3																				
434.9	126.7	465.9	131.5																								
304.3	121.5	326.4	121.5	338.1	120.7	357.3	119.9	387.9	121.5	415.6	123.5																
451	148.4	468.3	150.8	480.8	152.4																						
455.8	161.2	483.2	163.2																								
477.6	152	472.3	172.4	465.9	208	451.8	244.5	449	252.9																		
314.7	100.7	330.4	93.1	342.9	86.3																						
353.3	101.9	371	95.1	381.9	89.9	389.1	88.7	401.6	86.7	413.2	86.7	420.9	89.5	428.1	90.9												
365	101.1	350.5	109.9	339.3	114.3	329.6	112.3	320.4	111.5	299.1	110.3	284.2	109.1														
289.8	113.1	305.1	114.7	318	117.1	330	117.1	344.5	120.4																		
339.3	114.3	353.1	120.1																								
340.1	38.6	347.3	28.2																								
269.7	20.2	289.4	23.4	310.3	29	328.8	29.4	342.9	29.4																		
275.3	16.6	288.2	19.8																								
311.1	45.8	293	56.2	268.1	71	243.6	83.9																				
215.8	72.2	246	66.2	264.9	60.2																						
279	44.6	297.4	36.6																								
283	77.8	258.9	83.9	244.4	88.3	223.9	85.1	201.8	81.5	188.5	81.5	181.3	85.5	177.2	88.3												
181.7	80.2	161.6	81.9	138.7	89.1	131	89.1																				
228.7	44.6	233.9	61.8	236.8	86																						
221.9	71	220.7	45	219.5	29.4	219.5	18.2	216.6	3.3																		
213.4	3.7	210.2	19	211	32.6	213.4	43.4	217.4	64.2																		
226.7	73.8	228.7	96.3																								
162.8	8.9	191.3	15.8	207	20.6	215	22.6	225.1	23.8	233.9	24.6																
201.4	22.2	225.1	27																								
229.1	8.1	233.9	24.6																								
233.9	24.6	237.1	36.6																								
236	13.2	252	13.3																								
180.9	7.3	200.6	7.7	211.7	11.9																						
242.4	22.6	250.4	23																								
181.7	94.3	199.4	87.1	217.4	81	231.1	77.4																				
143.5	23.4	131.9	54.6	125.1	75.3	122.7	97.7	116.7	129.2																		
150.7	75.7	135.5	78.5	120.7	80.5	106.6	79.7	87	78.5	57	77.3																
80.2	60.1	79.4	92.1	79	129.2	82.6	162.7	83.8	183.9	84.6	213.8	82.6	240.2	84.6	251												
162.3	20.6	149.5	56.1	140.7	84.5																						
113.4	35.8	137	40.9																								
128.7	28.6	123.5	51.4	119.1	72.5																						
128.7	23	149.5	29	154.7	30.2																						
151.4	50.9	173.5	56.5	185.6	60.1																						
110.6	94.5	117.5	92.9	123.2	92.9																						
79.2	114.4	95.4	106	110.2	102.1	129.5	96.1	139.5	95.3	149.1	97.3																
114.7	100.7	132.7	102.5	151.1	102.9	167.1	104.1	184	104.1	191.6	106	201.2	109.6	215.2	112.4	226.4	113.2	241.6	110.4	254.5	110	265.3	112	272.9	114.8		
109	155.2	135.1	152.8	153.9	148.8	176.3	146	197.2	143.2	218	138.8	228	138.8	248.9	137.2	278.5	133.2	298.5	131.2	310.5	132.8						
253.2	164.4	272.8	159	283.1	154.1	290.5	152.2	302.2	150.7	312.3	149.1																
289.5	155.6	304.2	155.6	312.8	156.5																						
263	179.5	286	179.5	300.3	180.5	308.1	181																				
256.2	187.8	283.6	174.2	299.3	166.3																						
179.2	104.1	196.4	98	210.1	96	219.9	96	243.4	103.9	251.8	106.3																
141	133.1	163.1	131.7	179.2	125.8	197.9	119.5	203.7	116.5	215.2	112.4																
113.6	136.1	148.9	125.8	168.5	123.4	177.8	119																				
46	100.4	72.8	96.6	95.9	91.7	112.6	89.3	123.7	88.3																		
29.3	129.9	47.7	124	60.3	122.7																						
49.1	118.5	64.8	119.5	79.1	122.5																						
105.6	127.5	124.1	122.7	137.7	119.5	151	117.4																				
114.2	125.3	126.5	119.2	144	116	155.1	113.3	170.5	112.9	182.7	112.6																
113.6	118.5	129	112.2	139.4	110.1																						
110.2	131	125.2	126.5																								
28.9	139.3	49.5	137.2	63.1	135.9	73.2	136.2	84.4	139.7	93.1	141.1																
63.8	130.3	71.1	128.9	83.3	135.2	93.1	141.1																				
93.1	141.1	103.2	142.1	119.9	144.9	133.9	144.5	149.2	141.1	162.8	139	176.8	136.5	185.5	131.3	195.6	126.1										
176.8	136.5	187.6	135.9																								
24.7	147.3	40.4	143.2																								
20.5	159.5	34.8	153.9	42.9	147.3																						
49.1	143.2	55.3	136.7																								
17.8	167.5	35.9	159.1	49.5	155.3	59.9	151.5	65.2	149.8																		
34.8	153.9	53	147	66.2	143.5	76	143.2	88.5	144.2	99	145.2																
61.2	144.8	70.2	136.1																								
13.6	171.3	31.7	168.2	50.9	166.4	67.6	165.7	93.1	165																		
74.2	157.4	89.6	157.7	98	157.7																						
13.6	171.3	24	176.2	34.5	178.9																						
11.5	187.3	29.3	182.1	42.9	177.9	52.3	177.9	61	73.5	182.4	102.5															
115.4	164	135.6	158.4																								
8	222.4	32.8	217.9																								
6.3	236.6	36.9	242.5	62.7	245.3	73.5	246.3	94.1	246.3	103.2	246.3																
31.4	235.2	47.7	235.9	60.6	237.3																						
93.1	202.9	119.6	195.3	129.7	193.9																						
106	191.1	129.7	193.9																								
129.7	193.9	155.1	201.5	174.3	208.8	191.4	217.5	198	224.8	206	232.4																
182.3	226.2	175.4	189.4	169.4	158.1	166.7	147.2																				
186.5	170.3	208.8	171.6	227	171.3	237.7	171																				
201.5	151.8	208.1	165	213.4	179.3																						
190	153.2	206.4	184.8	221	212.6	230.1	233.1																				
192.4	182.8	208.5	212.6	217.5	227.6																						
189.3	167.8	213.7	158.1	229.4	149.8	235.5	145																				
225.9	191.4	225.2	222																								
196.3	180	213.7	184.5	221.7	186.2																						
120.6	254.3	156.2	254	190.7	255.4	213.4	259.2	225.2	263																		
216.9	256.8	239.7	264.6																								
118.5	249.8	112.2	219.9	111.9	204.7	110.8	197.8																				
100.4	191.4	104.2	220.6	109.8	251.6	112.1	271.6																				
90.3	215.4	90.3	236.3	90.6	261.3	93.1	281.1	97.3	301.9	98.7	342.6	102.5	388.8	103.5	423.5	106	455.9	107	472.2								
97.3	301.9	113.6	325.9	122.7	340.5																						
93.6	284	103.2	301.9																								
92.5	276.3	114	308.2	127.2	332.9																						
62.4	270.1	65.2	312	63.4	363.1	60.3	396.8	57.5	431.5																		
1	290.8	17.1	292.9																								
18.5	299.2	38.3	306.1	48.4	310.3																						
5.6	332.2	29.3	319.3	43.6	316.2	65	308.6																				
8	341.5	28.9	348.1	50.2	357.9																						
16	367.6	44.3	368.6	56.8	368.6																						
16	367.6	43.6	374.9	66.2	381.9	97.6	389.5	121	394.7	145.7	402.7	165.2	408.3														
16	367.6	12.9	366.9																								
26.1	394	51.6	404.8	74.2	412.1	96.2	416.9	118.2	419.4	162.5	423.5	194.5	425.3	229.1	428.1	253.1	429.8	261.2	426.8								
58.2	340.5	56.8	368.6																								
56.8	368.6	56.8	373.2																								
60.3	364.1	76	356.5	104.2	341.5	115.4	336.3																				
135.7	273	135.3	321.7	136.3	366.6	135.6	392.6	136.3	414.5	135.6	429.8	137	460.7	138.7	481.2												
48.4	415.9	67.3	417.3	83.7	417.6	102.5	417.6																				
40.4	409	59.1	411.5																								
61.3	431.5	86.4	430.1	96.9	430.8	109.1	432.2	124.9	434.5																		
104.8	440.2	126.9	442.7																								
70.1	445.4	91.3	445.1	108.1	446.8	116.1	447.9																				
83.7	454.1	98	450.6	116.1	447.9																						
116.1	447.9	145.7	440.2	157.9	435.9																						
113.6	471.8	137	460.7																								
128.3	455.9	137.3	464.5																								
31.4	375.9	52.3	397.1	72.5	414.5	85.1	424.9																				
79.5	426	93.8	436.4	105	443.3																						
72.8	420.1	88.2	422.2	99.3	422.5																						
118.2	419.4	126.9	415.9																								
106.3	418.1	117.5	414.2																								
159.3	420.4	190	419.4	211.3	421.1	233.6	423.2																				
183	437	208.1	432.2																								
157.6	451	186.2	453.8	207.1	456.6	226.6	457.9	240.9	461.4																		
194.5	272.2	195.9	304	195.9	347.5																						
