 -0.00
  0.00
  0.00
  0.00
 -0.00
  0.00
  0.00
  0.00
 -0.00
  0.00
  0.00
  0.00
  0.00
 -0.00
  0.00
  0.00
  0.00
  0.00
  0.00
  0.00
  0.00
 -0.00
 -0.00
 -0.00
  0.00
  0.00
 -0.00
  0.00
  0.00
  0.00
 -0.00
  0.00
 -0.00
  0.00
 -0.00
 -0.00
  0.00
 -0.00
  0.00
 -0.00
 -0.00
  0.00
  0.00
 -0.00
 -0.00
  0.00
 -0.00
  0.00
  0.00
  0.00
  0.00
  0.00
  0.00
  0.00
  0.00
  0.00
  0.00
 -0.00
  0.00
 -0.00
 -0.00
  0.00
  0.00
 -0.00
  0.00
  0.00
  0.00
 -0.00
  0.00
 -0.00
  0.00
 -0.00
 -0.00
  0.00
  0.00
  0.00
  0.00
 -0.00
  0.00
  0.00
  0.00
  0.00
  0.00
  0.00
 -0.00
  0.30
  0.30
  0.31
  0.32
  0.38
  0.41
  0.42
  0.45
  0.45
  0.49
  0.49
  0.52
  0.52
  0.53
  0.55
  0.58
  0.59
  0.60
  0.62
  0.63
  0.63
  0.64
  0.64
  0.67
  0.67
  0.68
  0.69
  0.73
  0.76
  0.80
  0.81
  0.82
  0.84
  0.86
  0.86
  0.88
  0.88
  0.89
  0.95
  0.97
  0.97
  0.98
  0.99
  0.99
  1.02
  1.02
  1.06
  1.06
  1.06
  1.06
  1.07
  1.10
  1.10
  1.12
  1.14
  1.14
  1.15
  1.18
  1.18
  1.18
  1.19
  1.19
  1.19
  1.19
  1.21
  1.22
  1.26
  1.27
  1.29
  1.29
  1.29
  1.30
  1.32
  1.33
  1.34
  1.35
  1.36
  1.36
  1.37
  1.40
  1.40
  1.40
  1.43
  1.43
  1.44
  1.45
  1.45
  1.47
  1.47
  1.47
  1.47
  1.50
  1.51
  1.52
  1.55
  1.55
  1.55
  1.57
  1.64
  1.65
  1.66
  1.66
  1.68
  1.68
  1.68
  1.69
  1.71
  1.74
  1.75
  1.75
  1.76
  1.79
  1.79
  1.80
  1.84
  1.85
  1.85
  1.88
  1.91
  1.92
  1.95
  1.97
  1.97
  1.98
  1.99
  2.01
  2.05
  2.05
  2.05
  2.08
  2.12
  2.12
  2.12
  2.12
  2.12
  2.12
  2.14
  2.14
  2.15
  2.16
  2.17
  2.20
  2.20
  2.20
  2.20
  2.20
  2.22
  2.24
  2.25
  2.25
  2.26
  2.28
  2.28
  2.32
  2.33
  2.34
  2.34
  2.35
  2.36
  2.39
  2.39
  2.39
  2.39
  2.39
  2.39
  2.45
  2.49
  2.49
  2.49
  2.49
  2.49
  2.49
  2.49
  2.49
  2.51
  2.52
  2.53
  2.54
  2.54
  2.56
  2.56
  2.57
  2.60
  2.60
  2.60
  2.63
  2.66
  2.66
  2.68
  2.73
  2.73
  2.73
  2.76
  2.76
  2.77
  2.78
  2.79
  2.79
  2.83
  2.86
  2.86
  2.86
  2.86
  2.86
  2.89
  2.90
  2.91
  2.94
  2.96
  2.99
  3.01
  3.01
  3.02
  3.04
  3.07
  3.07
  3.08
  3.08
  3.09
  3.12
  3.12
  3.12
  3.12
  3.18
  3.18
  3.18
  3.18
  3.18
  3.18
  3.18
  3.18
  3.18
  3.18
  3.18
  3.18
  3.18
  3.23
  3.24
  3.25
  3.27
  3.27
  3.30
  3.31
  3.31
  3.31
  3.32
  3.33
  3.33
  3.37
  3.37
  3.37
  3.40
  3.41
  3.42
  3.43
  3.43
  3.45
  3.45
  3.46
  3.47
  3.50
  3.52
  3.52
  3.52
  3.54
  3.58
  3.58
  3.60
  3.63
  3.69
  3.69
  3.73
  3.74
  3.74
  3.75
  3.76
  3.76
  3.78
  3.80
  3.81
  3.81
  3.81
  3.81
  3.81
  3.81
  3.81
  3.81
  3.88
  3.90
  3.90
  3.90
  3.90
  3.93
  3.99
  3.99
  4.00
  4.00
  4.01
  4.03
  4.03
  4.04
  4.04
  4.09
  4.09
  4.09
  4.16
  4.16
  4.16
  4.18
  4.18
  4.21
  4.24
  4.24
  4.24
  4.24
  4.28
  4.29
  4.30
  4.31
  4.35
  4.40
  4.40
  4.40
  4.40
  4.40
  4.45
  4.47
  4.51
  4.51
  4.51
  4.53
  4.54
  4.57
  4.61
  4.64
  4.65
  4.68
  4.71
  4.72
  4.72
  4.76
  4.82
  4.84
  4.88
  4.88
  4.89
  4.90
  4.93
  4.94
  4.97
  5.06
  5.06
  5.09
  5.16
  5.19
  5.19
  5.19
  5.19
  5.19
  5.19
  5.19
  5.19
  5.19
  5.27
  5.27
  5.29
  5.31
  5.34
  5.36
  5.39
  5.39
  5.42
  5.42
  5.44
  5.44
  5.44
  5.51
  5.53
  5.53
  5.55
  5.57
  5.57
  5.60
  5.71
  5.71
  5.71
  5.71
  5.71
  5.71
  5.71
  5.71
  5.76
  5.81
  5.83
  5.83
  5.86
  5.91
  5.93
  5.93
  5.93
  5.93
  5.99
  6.01
  6.01
  6.05
  6.07
  6.08
  6.12
  6.14
  6.14
  6.15
  6.16
  6.20
  6.20
  6.24
  6.28
  6.34
  6.34
  6.34
  6.34
  6.34
  6.34
  6.34
  6.37
  6.39
  6.46
  6.52
  6.56
  6.56
  6.58
  6.58
  6.58
  6.58
  6.60
  6.63
  6.65
  6.71
  6.75
  6.77
  6.84
  6.84
  6.84
  6.87
  6.88
  6.91
  6.91
  6.95
  6.95
  6.99
  7.03
  7.06
  7.13
  7.15
  7.17
  7.18
  7.19
  7.19
  7.20
  7.21
  7.25
  7.31
  7.33
  7.33
  7.33
  7.35
  7.39
  7.39
  7.41
  7.42
  7.43
  7.43
  7.43
  7.45
  7.45
  7.46
  7.50
  7.50
  7.52
  7.54
  7.59
  7.59
  7.59
  7.59
  7.64
  7.65
  7.71
  7.71
  7.74
  7.77
  7.78
  7.82
  7.85
  7.85
  7.85
  7.85
  7.95
  8.04
  8.04
  8.13
  8.13
  8.13
  8.21
  8.23
  8.23
  8.23
  8.33
  8.40
  8.43
  8.43
  8.48
  8.49
  8.49
  8.49
  8.52
  8.53
  8.57
  8.58
  8.60
  8.62
  8.65
  8.75
  8.75
  8.75
  8.75
  8.79
  8.88
  8.92
  8.94
  8.95
  8.97
  8.97
  9.00
  9.04
  9.08
  9.11
  9.11
  9.13
  9.14
  9.16
  9.21
  9.23
  9.24
  9.27
  9.27
  9.29
  9.29
  9.31
  9.34
  9.40
  9.46
  9.46
  9.46
  9.46
  9.46
  9.46
  9.46
  9.46
  9.46
  9.46
  9.54
  9.56
  9.58
  9.66
  9.67
  9.69
  9.73
  9.73
  9.78
  9.78
  9.81
  9.82
  9.83
  9.87
  9.87
  9.87
  9.89
  9.89
  9.95
  9.96
  9.97
 10.01
 10.07
 10.08
 10.16
 10.18
 10.19
 10.19
 10.20
 10.22
 10.30
 10.30
 10.30
 10.31
 10.35
 10.37
 10.41
 10.41
 10.44
 10.44
 10.44
 10.44
 10.46
 10.47
 10.49
 10.49
 10.53
 10.57
 10.59
 10.62
 10.62
 10.63
 10.78
 10.78
 10.78
 10.78
 10.81
 10.84
 10.84
 10.86
 10.89
 10.89
 10.89
 10.89
 10.95
 11.00
 11.00
 11.03
 11.04
 11.06
 11.07
 11.09
 11.13
 11.18
 11.20
 11.31
 11.31
 11.31
 11.31
 11.31
 11.31
 11.31
 11.31
 11.31
 11.31
 11.31
 11.31
 11.31
 11.43
 11.45
 11.46
 11.48
 11.48
 11.50
 11.67
 11.69
 11.77
 11.85
 11.89
 11.98
 12.02
 12.06
 12.09
 12.09
 12.17
 12.18
 12.20
 12.26
 12.29
 12.33
 12.34
 12.34
 12.43
 12.48
 12.53
 12.53
 12.53
 12.53
 12.53
 12.53
 12.53
 12.53
 12.53
 12.58
 12.58
 12.60
 12.60
 12.63
 12.63
 12.67
 12.71
 12.72
 12.72
 12.72
 12.72
 12.74
 12.77
 12.80
 12.80
 12.95
 12.97
 12.99
 12.99
 12.99
 12.99
 13.06
 13.08
 13.09
 13.11
 13.13
 13.13
 13.24
 13.27
 13.45
 13.45
 13.47
 13.47
 13.50
 13.52
 13.57
 13.57
 13.63
 13.63
 13.63
 13.67
 13.68
 13.69
 13.74
 13.74
 13.76
 13.78
 13.80
 13.80
 13.85
 13.90
 14.04
 14.04
 14.04
 14.04
 14.04
 14.04
 14.04
 14.04
 14.04
 14.04
 14.04
 14.04
 14.26
 14.26
 14.28
 14.29
 14.30
 14.32
 14.34
 14.34
 14.38
 14.41
 14.42
 14.46
 14.49
 14.53
 14.53
 14.62
 14.62
 14.68
 14.70
 14.74
 14.74
 14.77
 14.77
 14.80
 14.80
 14.83
 14.83
 14.83
 14.83
 14.87
 14.88
 14.89
 14.90
 14.93
 14.93
 14.93
 14.96
 14.97
 14.98
 15.02
 15.05
 15.07
 15.10
 15.12
 15.12
 15.17
 15.17
 15.20
 15.20
 15.21
 15.22
 15.26
 15.26
 15.26
 15.35
 15.35
 15.38
 15.40
 15.42
 15.42
 15.47
 15.48
 15.49
 15.49
 15.52
 15.52
 15.52
 15.52
 15.61
 15.64
 15.64
 15.66
 15.66
 15.71
 15.74
 15.86
 15.95
 15.95
 15.95
 15.95
 15.95
 16.05
 16.07
 16.11
 16.17
 16.19
 16.24
 16.29
 16.31
 16.34
 16.34
 16.34
 16.35
 16.37
 16.39
 16.39
 16.43
 16.45
 16.54
 16.56
 16.61
 16.63
 16.70
 16.70
 16.70
 16.78
 16.80
 16.81
 16.82
 16.86
 16.90
 16.93
 16.93
 16.93
 16.93
 16.99
 17.02
 17.10
 17.10
 17.15
 17.18
 17.20
 17.20
 17.23
 17.24
 17.24
 17.24
 17.24
 17.27
 17.31
 17.32
 17.35
 17.43
 17.49
 17.50
 17.50
 17.53
 17.56
 17.57
 17.59
 17.62
 17.65
 17.73
 17.74
 17.74
 17.76
 17.77
 17.78
 17.82
 17.86
 17.86
 17.93
 17.97
 18.00
 18.04
 18.04
 18.07
 18.08
 18.10
 18.10
 18.10
 18.12
 18.14
 18.15
 18.15
 18.17
 18.20
 18.43
 18.43
 18.43
 18.43
 18.44
 18.44
 18.58
 18.60
 18.70
 18.81
 18.85
 18.89
 18.90
 18.92
 18.94
 18.97
 19.03
 19.06
 19.07
 19.12
 19.13
 19.18
 19.18
 19.23
 19.25
 19.27
 19.29
 19.29
 19.37
 19.37
 19.42
 19.44
 19.44
 19.49
 19.49
 19.50
 19.54
 19.59
 19.65
 19.81
 19.82
 19.82
 19.82
 19.83
 19.83
 19.87
 19.89
 19.92
 19.93
 19.98
 19.98
 19.98
 19.98
 20.01
 20.07
 20.10
 20.10
 20.28
 20.32
 20.38
 20.38
 20.38
 20.42
 20.45
 20.48
 20.48
 20.49
 20.56
 20.60
 20.62
 20.65
 20.68
 20.70
 20.74
 20.77
 20.84
 20.85
 20.86
 20.88
 20.96
 20.96
 20.97
 20.99
 21.04
 21.04
 21.07
 21.12
 21.13
 21.16
 21.16
 21.19
 21.34
 21.34
 21.45
 21.48
 21.49
 21.57
 21.57
 21.67
 21.72
 21.80
 21.80
 21.80
 21.80
 21.80
 21.80
 21.80
 21.80
 21.80
 21.80
 21.93
 21.97
 22.08
 22.09
 22.11
 22.14
 22.22
 22.25
 22.27
 22.27
 22.28
 22.28
 22.31
 22.33
 22.38
 22.48
 22.57
 22.59
 22.69
 22.70
 22.75
 22.77
 22.77
 22.81
 22.83
 22.83
 22.93
 22.93
 22.95
 22.95
 22.99
 23.11
 23.15
 23.20
 23.20
 23.20
 23.30
 23.34
 23.44
 23.55
 23.63
 23.63
 23.63
 23.69
 23.70
 23.73
 23.81
 23.96
 23.96
 24.00
 24.08
 24.10
 24.12
 24.15
 24.15
 24.18
 24.18
 24.18
 24.18
 24.19
 24.23
 24.23
 24.32
 24.34
 24.40
 24.44
 24.44
 24.52
 24.57
 24.62
 24.62
 24.68
 24.71
 24.72
 24.73
 24.77
 24.77
 24.78
 24.85
 24.86
 24.90
 24.90
 24.99
 25.04
 25.07
 25.07
 25.10
 25.11
 25.15
 25.20
 25.26
 25.28
 25.30
 25.32
 25.35
 25.38
 25.46
 25.46
 25.54
 25.54
 25.56
 25.56
 25.56
 25.56
 25.71
 25.77
 25.80
 25.82
 25.84
 25.85
 25.86
 25.87
 25.89
 25.91
 25.91
 25.94
 25.94
 25.95
 25.97
 25.97
 26.00
 26.00
 26.05
 26.08
 26.10
 26.22
 26.31
 26.42
 26.56
 26.56
 26.56
 26.56
 26.57
 26.57
 26.57
 26.57
 26.57
 26.67
 26.76
 26.81
 26.81
 26.83
 26.89
 26.91
 26.93
 26.93
 26.98
 26.98
 27.03
 27.05
 27.07
 27.23
 27.26
 27.26
 27.30
 27.35
 27.35
 27.41
 27.46
 27.47
 27.53
 27.55
 27.55
 27.57
 27.60
 27.60
 27.73
 27.76
 27.76
 27.80
 27.86
 27.90
 27.92
 27.96
 27.98
 28.07
 28.07
 28.07
 28.22
 28.22
 28.24
 28.30
 28.30
 28.30
 28.30
 28.35
 28.39
 28.39
 28.42
 28.44
 28.44
 28.47
 28.50
 28.50
 28.50
 28.51
 28.52
 28.55
 28.61
 28.61
 28.65
 28.66
 28.71
 28.71
 28.74
 28.74
 28.77
 28.77
 28.77
 28.78
 28.81
 28.81
 28.81
 28.84
 28.89
 28.92
 28.93
 29.00
 29.02
 29.05
 29.05
 29.17
 29.20
 29.22
 29.28
 29.29
 29.29
 29.38
 29.44
 29.46
 29.48
 29.48
 29.53
 29.54
 29.55
 29.61
 29.62
 29.62
 29.74
 29.75
 29.75
 29.79
 29.84
 29.92
 29.98
 29.98
 30.07
 30.17
 30.17
 30.23
 30.26
 30.28
 30.31
 30.38
 30.47
 30.68
 30.68
 30.70
 30.78
 30.96
 30.96
 30.96
 30.96
 30.96
 31.04
 31.06
 31.09
 31.09
 31.14
 31.14
 31.18
 31.22
 31.28
 31.33
 31.41
 31.41
 31.43
 31.43
 31.46
 31.46
 31.50
 31.55
 31.56
 31.56
 31.61
 31.61
 31.61
 31.62
 31.72
 31.74
 31.76
 31.76
 31.80
 31.83
 31.89
 32.00
 32.01
 32.15
 32.15
 32.20
 32.28
 32.28
 32.30
 32.33
 32.44
 32.49
 32.50
 32.52
 32.52
 32.59
 32.60
 32.67
 32.68
 32.74
 32.87
 32.90
 32.91
 32.96
 32.99
 32.99
 33.02
 33.08
 33.14
 33.15
 33.18
 33.20
 33.20
 33.27
 33.33
 33.34
 33.42
 33.45
 33.45
 33.69
 33.69
 33.69
 33.69
 33.87
 33.88
 33.89
 33.89
 33.90
 34.05
 34.09
 34.15
 34.18
 34.22
 34.26
 34.27
 34.29
 34.29
 34.34
 34.39
 34.45
 34.47
 34.51
 34.57
 34.63
 34.64
 34.70
 34.70
 34.70
 34.70
 34.76
 34.84
 34.85
 34.90
 34.99
 34.99
 35.02
 35.10
 35.10
 35.12
 35.13
 35.13
 35.15
 35.22
 35.30
 35.31
 35.31
 35.40
 35.42
 35.42
 35.46
 35.54
 35.54
 35.59
 35.71
 35.71
 35.74
 35.76
 35.77
 35.79
 35.82
 35.84
 35.84
 35.86
 35.88
 35.89
 35.94
 35.94
 35.97
 36.03
 36.03
 36.03
 36.03
 36.03
 36.03
 36.12
 36.12
 36.14
 36.25
 36.25
 36.31
 36.35
 36.35
 36.36
 36.38
 36.42
 36.43
 36.44
 36.45
 36.45
 36.47
 36.47
 36.47
 36.51
 36.54
 36.61
 36.63
 36.63
 36.67
 36.74
 36.87
 36.87
 36.95
 37.09
 37.12
 37.15
 37.15
 37.15
 37.26
 37.34
 37.35
 37.35
 37.37
 37.37
 37.39
 37.41
 37.41
 37.51
 37.54
 37.57
 37.65
 37.73
 37.80
 37.82
 37.87
 37.91
 37.92
 37.95
 37.95
 38.00
 38.05
 38.05
 38.05
 38.05
 38.07
 38.16
 38.16
 38.21
 38.23
 38.25
 38.28
 38.29
 38.36
 38.40
 38.45
 38.47
 38.47
 38.56
 38.66
 38.66
 38.71
 38.78
 38.82
 38.87
 38.99
 38.99
 39.01
 39.05
 39.14
 39.17
 39.29
 39.29
 39.35
 39.37
 39.37
 39.38
 39.45
 39.46
 39.47
 39.54
 39.54
 39.59
 39.60
 39.61
 39.61
 39.73
 39.80
 39.81
 39.81
 39.81
 39.81
 39.81
 39.84
 39.93
 39.95
 40.05
 40.07
 40.15
 40.16
 40.18
 40.19
 40.31
 40.36
 40.43
 40.44
 40.45
 40.46
 40.57
 40.60
 40.60
 40.60
 40.60
 40.65
 40.68
 40.80
 40.82
 40.84
 40.98
 41.05
 41.08
 41.08
 41.08
 41.19
 41.23
 41.33
 41.35
 41.37
 41.41
 41.51
 41.53
 41.55
 41.56
 41.63
 41.74
 41.76
 41.80
 41.82
 41.99
 42.05
 42.06
 42.09
 42.10
 42.16
 42.18
 42.20
 42.27
 42.34
 42.47
 42.48
 42.56
 42.61
 42.63
 42.63
 42.88
 42.88
 42.88
 42.90
 42.95
 42.95
 42.99
 43.02
 43.03
 43.06
 43.15
 43.15
 43.20
 43.22
 43.25
 43.32
 43.32
 43.36
 43.36
 43.43
 43.47
 43.48
 43.53
 43.53
 43.54
 43.57
 43.60
 43.67
 43.67
 43.75
 43.78
 43.81
 43.95
 44.00
 44.09
 44.09
 44.14
 44.15
 44.27
 44.27
 44.44
 44.48
 44.51
 44.55
 44.60
 44.70
 44.70
 44.76
 45.00
 45.00
 45.00
 45.00
 45.00
 45.00
 45.00
 45.00
 45.00
 45.00
 45.34
 45.42
 45.52
 45.63
 45.64
 45.71
 45.71
 45.73
 45.88
 45.92
 46.01
 46.06
 46.08
 46.10
 46.17
 46.22
 46.22
 46.31
 46.33
 46.40
 46.47
 46.47
 46.55
 46.61
 46.64
 46.67
 46.68
 46.74
 46.81
 46.85
 46.85
 46.91
 46.92
 46.97
 46.97
 46.99
 47.06
 47.06
 47.08
 47.12
 47.12
 47.14
 47.25
 47.33
 47.37
 47.45
 47.49
 47.55
 47.58
 47.59
 47.64
 47.66
 47.78
 47.82
 47.82
 47.86
 47.86
 48.04
 48.10
 48.14
 48.18
 48.37
 48.37
 48.37
 48.49
 48.50
 48.50
 48.54
 48.65
 48.71
 48.81
 48.82
 48.89
 48.98
 48.99
 48.99
 49.06
 49.09
 49.09
 49.09
 49.09
 49.09
 49.09
 49.21
 49.23
 49.24
 49.27
 49.28
 49.30
 49.31
 49.40
 49.48
 49.55
 49.57
 49.61
 49.64
 49.64
 49.71
 49.71
 49.73
 49.82
 49.86
 49.90
 49.97
 50.19
 50.19
 50.30
 50.39
 50.41
 50.49
 50.49
 50.49
 50.75
 50.81
 50.82
 50.83
 50.87
 50.91
 51.01
 51.03
 51.06
 51.17
 51.25
 51.26
 51.34
 51.34
 51.34
 51.41
 51.43
 51.50
 51.74
 51.80
 51.84
 51.84
 51.84
 51.91
 51.94
 52.03
 52.08
 52.08
 52.12
 52.29
 52.31
 52.37
 52.37
 52.42
 52.47
 52.55
 52.63
 52.70
 52.77
 52.82
 52.82
 53.00
 53.07
 53.13
 53.13
 53.20
 53.22
 53.23
 53.27
 53.31
 53.33
 53.37
 53.38
 53.39
 53.62
 53.62
 53.72
 53.75
 53.75
 53.81
 53.82
 53.92
 53.92
 53.97
 53.97
 53.97
 54.08
 54.11
 54.19
 54.22
 54.25
 54.25
 54.34
 54.46
 54.46
 54.46
 54.53
 54.87
 55.18
 55.22
 55.30
 55.31
 55.38
 55.41
 55.41
 55.49
 55.78
 55.80
 55.83
 55.92
 55.94
 55.95
 55.95
 56.07
 56.10
 56.19
 56.31
 56.31
 56.48
 56.49
 56.50
 56.58
 56.63
 56.67
 56.78
 56.79
 56.82
 56.84
 56.93
 56.98
 57.09
 57.26
 57.26
 57.46
 57.57
 57.79
 57.94
 57.99
 57.99
 58.21
 58.24
 58.28
 58.30
 58.52
 58.61
 58.78
 58.88
 58.98
 59.04
 59.28
 59.30
 59.38
 59.42
 59.51
 59.59
 59.74
 59.98
 60.07
 60.07
 60.11
 60.22
 60.26
 60.26
 60.42
 60.64
 60.72
 60.74
 60.75
 60.88
 60.95
 61.07
 61.11
 61.19
 61.19
 61.22
 61.50
 61.50
 61.70
 61.82
 62.10
 62.10
 62.14
 62.28
 62.40
 62.59
 62.65
 62.68
 62.83
 62.90
 62.93
 62.97
 62.99
 63.00
 63.04
 63.06
 63.11
 63.14
 63.43
 63.43
 63.43
 63.43
 63.44
 63.44
 63.67
 63.80
 63.82
 63.95
 64.20
 64.21
 64.33
 64.65
 64.65
 64.68
 64.80
 64.88
 64.98
 65.06
 65.23
 65.28
 65.30
 65.49
 65.51
 65.56
 65.62
 65.80
 65.85
 66.16
 66.19
 66.37
 66.37
 66.56
 66.64
 66.69
 66.93
 67.07
 67.08
 67.17
 67.52
 67.69
 67.73
 67.82
 68.03
 68.20
 68.20
 68.20
 68.20
 68.80
 68.96
 69.44
 69.44
 69.44
 69.44
 69.54
 69.62
 70.20
 70.20
 70.30
 70.35
 70.35
 71.11
 71.44
 71.56
 71.56
 71.57
 71.57
 72.28
 72.32
 72.47
 72.73
 72.97
 73.07
 73.50
 73.64
 73.65
 73.69
 74.05
 74.05
 74.05
 74.41
 74.48
 74.74
 74.96
 75.00
 75.80
 75.81
 75.96
 76.48
 76.61
 76.76
 77.83
 78.11
 78.18
 78.23
 78.29
 78.29
 78.44
 78.49
 78.69
 78.93
 79.78
 79.90
 80.54
 80.54
 80.54
 81.03
 81.25
 81.39
 81.57
 81.81
 82.01
 82.40
 82.41
 82.82
 82.87
 82.88
 83.05
 83.05
 83.22
 83.42
 83.66
 83.66
 84.29
 84.47
 84.52
 84.56
 84.62
 84.65
 84.69
 84.81
 84.81
 84.93
 84.99
 85.10
 85.24
 85.24
 85.36
 85.49
 85.60
 85.75
 85.79
 86.10
 86.19
 86.27
 86.63
 87.04
 87.14
 87.37
 87.40
 87.40
 87.40
 87.51
 87.51
 87.51
 87.51
 87.51
 87.61
 87.65
 87.71
 87.71
 87.95
 87.95
 87.99
 88.03
 88.09
 88.09
 88.21
 88.21
 88.34
 88.36
 88.41
 88.60
 88.77
 88.77
 88.96
 89.11
 89.48
 89.58
 90.00
 90.00
 90.00
 90.00
 90.00
 90.00
 90.00
 90.00
 90.00
 90.00
 90.00
 90.00
 90.35
 90.45
 90.57
 90.73
 90.78
 90.80
 90.85
 90.91
 91.01
 91.02
 91.13
 91.16
 91.18
 91.27
 91.29
 91.29
 91.32
 91.40
 91.49
 91.51
 91.51
 91.51
 91.54
 91.59
 91.66
 91.76
 91.80
 91.85
 91.86
 91.87
 91.93
 92.08
 92.12
 92.16
 92.16
 92.17
 92.20
 92.25
 92.27
 92.34
 92.39
 92.39
 92.42
 92.49
 92.49
 92.49
 92.56
 92.59
 92.60
 92.60
 92.63
 92.68
 92.71
 92.73
 92.79
 92.82
 93.04
 93.09
 93.15
 93.21
 93.29
 93.29
 93.37
 93.43
 93.49
 93.65
 93.65
 93.91
 94.00
 94.05
 94.08
 94.09
 94.09
 94.09
 94.13
 94.21
 94.22
 94.24
 94.24
 94.31
 94.34
 94.40
 94.40
 94.40
 94.47
 94.47
 94.67
 94.76
 94.97
 94.97
 94.97
 94.97
 95.06
 95.08
 95.10
 95.12
 95.19
 95.25
 95.31
 95.36
 95.51
 95.53
 95.55
 95.57
 95.59
 95.70
 95.71
 95.71
 95.71
 95.71
 95.71
 95.77
 95.78
 95.79
 95.86
 95.91
 95.91
 96.01
 96.09
 96.12
 96.20
 96.23
 96.41
 96.41
 96.55
 96.56
 96.58
 96.60
 96.63
 96.67
 96.71
 96.74
 96.93
 97.00
 97.07
 97.12
 97.13
 97.21
 97.25
 97.35
 97.39
 97.50
 97.59
 97.59
 97.62
 97.65
 97.67
 97.67
 97.70
 97.71
 97.80
 97.83
 97.97
 98.03
 98.04
 98.04
 98.13
 98.13
 98.13
 98.13
 98.13
 98.19
 98.20
 98.32
 98.33
 98.34
 98.53
 98.55
 98.58
 98.58
 98.60
 98.62
 98.69
 98.75
 98.75
 98.77
 98.80
 98.88
 98.91
 98.97
 98.97
 98.97
 99.03
 99.05
 99.09
 99.09
 99.18
 99.21
 99.29
 99.29
 99.29
 99.34
 99.35
 99.46
 99.46
 99.46
 99.46
 99.51
 99.54
 99.57
 99.59
 99.65
 99.69
 99.71
 99.73
 99.81
 99.87
 99.87
 99.87
 99.89
 99.90
 99.90
 99.93
 99.95
100.04
100.06
100.08
100.12
100.13
100.18
100.19
100.24
100.33
100.37
100.37
100.38
100.39
100.41
100.44
100.47
100.59
100.62
100.62
100.70
100.74
100.78
100.89
100.89
100.90
100.99
100.99
100.99
101.00
101.07
101.09
101.14
101.14
101.31
101.31
101.31
101.31
101.31
101.31
101.40
101.42
101.42
101.48
101.52
101.53
101.60
101.62
101.63
101.63
101.63
101.63
101.66
101.74
101.80
101.82
101.83
101.89
101.89
101.89
101.89
101.89
101.89
101.92
101.98
101.99
102.06
102.09
102.15
102.20
102.22
102.23
102.26
102.29
102.30
102.33
102.34
102.36
102.41
102.42
102.45
102.47
102.53
102.53
102.53
102.53
102.58
102.61
102.76
102.76
102.80
102.80
102.86
102.89
102.99
102.99
102.99
103.00
103.00
103.05
103.07
103.07
103.09
103.13
103.17
103.22
103.24
103.24
103.24
103.26
103.31
103.39
103.39
103.47
103.63
103.65
103.70
103.74
103.78
103.78
103.80
103.83
103.84
103.84
103.84
103.86
103.88
103.92
103.97
104.04
104.04
104.04
104.04
104.04
104.04
104.16
104.21
104.24
104.25
104.28
104.31
104.36
104.37
104.42
104.44
104.47
104.47
104.48
104.54
104.57
104.59
104.62
104.70
104.70
104.81
104.83
104.85
104.85
104.87
104.88
104.93
104.97
104.98
105.00
105.02
105.02
105.02
105.02
105.07
105.07
105.10
105.12
105.17
105.19
105.20
105.26
105.26
105.26
105.35
105.36
105.38
105.42
105.42
105.45
105.46
105.46
105.59
105.64
105.64
105.64
105.71
105.71
105.71
105.75
105.75
105.77
105.78
105.80
105.81
105.82
105.85
105.95
105.95
105.95
105.95
105.95
105.95
105.95
105.95
105.95
106.00
106.08
106.09
106.09
106.13
106.14
106.19
106.21
106.22
106.24
106.25
106.26
106.26
106.28
106.29
106.31
106.36
106.39
106.39
106.39
106.39
106.45
106.52
106.55
106.56
106.56
106.57
106.63
106.70
106.70
106.70
106.70
106.74
106.78
106.80
106.80
106.84
106.89
106.89
106.89
106.93
106.93
106.96
107.02
107.04
107.07
107.10
107.10
107.14
107.19
107.20
107.20
107.20
107.20
107.34
107.35
107.42
107.53
107.53
107.54
107.56
107.57
107.61
107.62
107.63
107.65
107.68
107.74
107.74
107.93
107.94
107.97
107.97
107.99
108.12
108.14
108.14
108.15
108.21
108.22
108.24
108.43
108.43
108.44
108.44
108.44
108.44
108.53
108.61
108.66
108.68
108.69
108.74
108.78
108.82
108.89
108.89
108.89
108.92
108.99
109.01
109.03
109.05
109.07
109.09
109.09
109.09
109.09
109.18
109.18
109.20
109.21
109.22
109.22
109.29
109.33
109.37
109.40
109.44
109.49
109.49
109.52
109.58
109.65
109.65
109.71
109.71
109.72
109.76
109.77
109.89
109.93
109.94
109.98
110.12
110.14
110.17
110.17
110.17
110.22
110.25
110.30
110.32
110.43
110.44
110.45
110.56
110.56
110.56
110.56
110.60
110.64
110.65
110.67
110.67
110.70
110.80
110.83
110.85
110.88
110.89
110.93
110.97
111.04
111.04
111.04
111.12
111.19
111.22
111.22
111.25
111.25
111.30
111.30
111.32
111.45
111.50
111.80
111.80
111.80
111.80
111.80
111.88
111.90
111.91
111.95
111.97
112.02
112.11
112.13
112.13
112.18
112.19
112.20
112.22
112.23
112.25
112.25
112.25
112.34
112.40
112.48
112.55
112.56
112.62
112.62
112.68
112.70
112.76
112.83
112.92
112.93
112.93
112.96
112.97
113.00
113.05
113.06
113.14
113.20
113.20
113.20
113.20
113.20
113.32
113.32
113.33
113.36
113.36
113.36
113.39
113.43
113.47
113.50
113.52
113.53
113.54
113.55
113.67
113.70
113.73
113.75
113.78
113.81
114.06
114.10
114.12
114.15
114.15
114.18
114.23
114.27
114.30
114.30
114.34
114.36
114.39
114.44
114.44
114.51
114.55
114.57
114.57
114.62
114.62
114.68
114.69
114.70
114.70
114.73
114.78
114.78
114.78
114.98
115.02
115.07
115.11
115.20
115.20
115.20
115.20
115.20
115.23
115.28
115.28
115.31
115.35
115.41
115.43
115.46
115.46
115.51
115.54
115.56
115.56
115.60
115.60
115.77
115.77
115.82
115.94
115.94
115.96
115.97
116.00
116.05
116.05
116.18
116.20
116.27
116.36
116.37
116.38
116.56
116.56
116.56
116.57
116.57
116.57
116.57
116.57
116.81
116.81
116.88
117.00
117.01
117.03
117.03
117.05
117.07
117.10
117.15
117.35
117.44
117.45
117.60
117.65
117.70
117.70
117.76
117.76
117.87
117.90
117.95
118.01
118.07
118.07
118.07
118.30
118.30
118.44
118.61
118.61
118.63
118.78
118.79
118.98
119.05
119.05
119.06
119.10
119.20
119.25
119.36
119.40
119.41
119.43
119.48
119.58
119.58
119.62
119.64
119.68
119.74
119.84
119.90
119.90
119.98
119.98
119.98
119.98
120.02
120.03
120.12
120.14
120.14
120.16
120.19
120.19
120.37
120.47
120.47
120.50
120.58
120.58
120.62
120.70
120.74
120.76
120.80
120.82
120.96
120.96
121.05
121.19
121.22
121.26
121.26
121.26
121.29
121.31
121.34
121.35
121.43
121.50
121.53
121.55
121.55
121.61
121.61
121.76
121.76
121.82
121.87
121.89
122.01
122.01
122.12
122.12
122.20
122.28
122.30
122.39
122.53
122.53
122.54
122.56
122.57
122.62
122.70
122.74
122.83
122.83
122.95
122.97
123.02
123.02
123.18
123.20
123.22
123.23
123.25
123.27
123.31
123.33
123.41
123.43
123.44
123.58
123.69
123.69
123.69
123.69
123.69
123.69
123.69
123.69
123.92
123.92
123.97
124.08
124.11
124.29
124.29
124.31
124.42
124.53
124.54
124.61
124.62
124.69
124.70
124.82
124.82
124.82
124.88
124.89
124.99
124.99
124.99
124.99
125.10
125.22
125.22
125.34
125.43
125.54
125.54
125.54
125.60
125.62
125.68
125.71
125.84
125.84
125.88
126.03
126.03
126.03
126.03
126.03
126.03
126.12
126.19
126.33
126.34
126.44
126.50
126.59
126.61
126.67
126.69
126.70
126.87
126.87
126.87
126.87
127.04
127.09
127.15
127.18
127.18
127.23
127.24
127.26
127.41
127.41
127.48
127.50
127.57
127.57
127.66
127.75
127.75
127.87
127.88
127.88
127.88
128.03
128.04
128.05
128.09
128.13
128.16
128.16
128.20
128.23
128.33
128.38
128.42
128.45
128.45
128.57
128.58
128.66
128.66
128.75
128.85
128.99
128.99
129.17
129.17
129.40
129.51
129.81
129.81
129.81
129.87
129.89
129.99
130.06
130.10
130.27
130.39
130.49
130.49
130.49
130.67
130.75
130.76
130.91
130.92
130.93
131.01
131.01
131.04
131.05
131.19
131.19
131.19
131.19
131.19
131.22
131.42
131.45
131.47
131.50
131.55
131.58
131.70
131.71
131.74
131.76
131.82
131.82
131.87
131.89
131.91
131.99
131.99
132.08
132.21
132.27
132.27
132.30
132.40
132.47
132.51
132.51
132.51
132.57
132.60
132.66
132.71
132.74
132.75
132.80
132.94
132.95
133.03
133.05
133.06
133.09
133.11
133.15
133.15
133.15
133.26
133.32
133.32
133.39
133.59
133.63
133.73
133.76
133.78
133.78
133.78
133.81
133.89
133.96
133.96
133.99
134.03
134.06
134.10
134.19
134.24
134.31
134.38
134.67
135.00
135.00
135.00
135.00
135.00
135.00
135.00
135.00
135.00
135.00
135.00
135.00
135.00
135.00
135.00
135.00
135.00
135.00
135.00
135.43
135.46
135.58
135.69
135.73
135.81
135.86
136.17
136.20
136.22
136.29
136.29
136.47
136.47
136.48
136.55
136.64
136.74
136.81
137.05
137.05
137.12
137.12
137.12
137.19
137.23
137.23
137.29
137.29
137.29
137.34
137.39
137.49
137.49
137.56
137.60
137.60
137.73
137.73
137.73
137.82
137.89
137.91
138.01
138.01
138.01
138.01
138.01
138.11
138.12
138.14
138.18
138.18
138.22
138.24
138.24
138.25
138.28
138.37
138.37
138.45
138.53
138.58
138.60
138.62
138.69
138.72
138.75
138.76
138.81
138.81
138.90
138.92
138.92
138.92
138.95
139.09
139.09
139.17
139.18
139.18
139.19
139.21
139.21
139.24
139.40
139.40
139.40
139.40
139.69
139.76
139.76
139.97
140.01
140.04
140.12
140.19
140.19
140.19
140.30
140.33
140.39
140.44
140.48
140.48
140.53
140.56
140.57
140.59
140.63
140.68
140.71
140.71
140.71
140.83
140.91
140.91
140.91
140.91
141.01
141.01
141.06
141.10
141.10
141.12
141.12
141.12
141.17
141.17
141.20
141.22
141.34
141.34
141.46
141.50
141.58
141.63
141.63
141.63
141.63
141.71
141.71
141.75
141.84
141.88
141.95
141.95
141.95
141.95
142.05
142.09
142.13
142.22
142.43
142.43
142.43
142.50
142.52
142.56
142.59
142.65
142.67
142.67
142.70
142.70
142.74
142.76
142.77
142.96
143.04
143.13
143.13
143.13
143.13
143.13
143.13
143.13
143.13
143.13
143.13
143.13
143.22
143.30
143.30
143.30
143.33
143.39
143.47
143.47
143.57
143.58
143.67
143.70
143.75
143.77
143.78
143.81
143.82
143.88
143.97
143.97
143.97
143.97
144.05
144.06
144.14
144.16
144.25
144.26
144.28
144.28
144.29
144.29
144.40
144.46
144.46
144.46
144.46
144.55
144.55
144.55
144.57
144.62
144.64
144.64
144.66
144.66
144.69
144.69
144.78
144.78
144.78
144.87
144.87
145.01
145.01
145.01
145.01
145.06
145.08
145.10
145.20
145.22
145.28
145.31
145.36
145.38
145.39
145.41
145.41
145.41
145.41
145.44
145.44
145.49
145.49
145.56
145.56
145.60
145.62
145.62
145.65
145.71
145.71
145.71
145.73
145.81
145.82
145.83
145.84
145.84
145.86
145.89
145.92
145.98
146.04
146.04
146.13
146.22
146.31
146.31
146.31
146.31
146.31
146.31
146.31
146.31
146.31
146.31
146.31
146.31
146.31
146.31
146.31
146.31
146.40
146.43
146.50
146.63
146.65
146.70
146.71
146.72
146.73
146.77
146.79
146.79
146.82
146.86
146.89
146.98
146.98
146.98
146.98
147.03
147.09
147.16
147.17
147.24
147.26
147.26
147.26
147.27
147.27
147.38
147.38
147.43
147.43
147.47
147.48
147.53
147.53
147.53
147.53
147.67
147.72
147.77
147.78
147.80
147.80
147.89
147.89
147.95
147.99
147.99
147.99
147.99
147.99
148.00
148.00
148.04
148.11
148.11
148.11
148.11
148.13
148.17
148.20
148.22
148.24
148.24
148.30
148.37
148.39
148.42
148.46
148.47
148.50
148.50
148.52
148.53
148.57
148.61
148.63
148.70
148.70
148.71
148.71
148.74
148.74
148.74
148.76
148.81
148.88
149.03
149.04
149.04
149.20
149.20
149.22
149.30
149.30
149.32
149.32
149.35
149.39
149.40
149.42
149.42
149.46
149.47
149.53
149.53
149.53
149.53
149.57
149.62
149.66
149.81
149.83
149.93
149.93
149.95
150.07
150.07
150.07
150.10
150.12
150.16
150.17
150.18
150.25
150.25
150.26
150.26
150.26
150.26
150.35
150.36
150.36
150.38
150.38
150.40
150.44
150.52
150.55
150.59
150.61
150.64
150.64
150.64
150.68
150.71
150.75
150.75
150.75
150.80
150.81
150.82
150.82
150.95
150.95
150.95
150.95
150.95
151.02
151.02
151.07
151.11
151.11
151.19
151.19
151.19
151.19
151.22
151.23
151.26
151.26
151.29
151.39
151.39
151.39
151.39
151.39
151.49
151.50
151.57
151.61
151.63
151.63
151.70
151.70
151.76
151.78
151.78
151.82
151.84
151.84
151.91
151.93
151.93
151.93
152.00
152.05
152.06
152.10
152.22
152.22
152.24
152.24
152.28
152.30
152.32
152.33
152.35
152.35
152.35
152.35
152.40
152.45
152.45
152.45
152.45
152.49
152.55
152.59
152.59
152.59
152.62
152.62
152.67
152.70
152.74
152.74
152.75
152.81
152.83
152.86
152.88
152.89
152.91
152.95
152.99
152.99
153.00
153.00
153.03
153.04
153.05
153.09
153.09
153.10
153.12
153.13
153.16
153.18
153.18
153.19
153.43
153.43
153.43
153.43
153.43
153.43
153.43
153.43
153.43
153.43
153.43
153.43
153.43
153.44
153.44
153.44
153.44
153.44
153.44
153.44
153.55
153.60
153.76
153.76
153.76
153.79
153.82
153.82
153.85
153.85
153.90
153.95
154.07
154.09
154.13
154.22
154.23
154.23
154.25
154.26
154.29
154.29
154.30
154.36
154.41
154.44
154.44
154.44
154.47
154.48
154.54
154.54
154.54
154.54
154.55
154.56
154.57
154.59
154.65
154.65
154.72
154.75
154.80
154.80
154.80
154.85
154.88
154.90
154.92
154.93
154.98
154.98
155.10
155.12
155.16
155.21
155.22
155.22
155.22
155.22
155.22
155.22
155.23
155.23
155.32
155.38
155.38
155.43
155.46
155.46
155.48
155.48
155.50
155.56
155.56
155.56
155.56
155.56
155.56
155.58
155.62
155.70
155.73
155.76
155.77
155.77
155.77
155.77
155.81
155.89
155.90
155.95
155.96
155.96
155.98
156.04
156.04
156.04
156.04
156.04
156.10
156.14
156.18
156.19
156.25
156.30
156.37
156.43
156.49
156.50
156.50
156.54
156.60
156.61
156.62
156.64
156.64
156.68
156.68
156.80
156.80
156.80
156.80
156.89
156.90
156.94
156.96
156.99
156.99
156.99
157.01
157.03
157.08
157.09
157.10
157.11
157.14
157.14
157.17
157.19
157.25
157.29
157.31
157.38
157.38
157.38
157.48
157.50
157.52
157.56
157.56
157.59
157.60
157.62
157.69
157.70
157.71
157.72
157.73
157.75
157.75
157.75
157.76
157.83
157.83
157.83
157.85
157.87
157.88
157.89
157.93
157.99
158.03
158.03
158.04
158.08
158.09
158.18
158.20
158.20
158.20
158.20
158.20
158.20
158.20
158.20
158.20
158.20
158.20
158.29
158.33
158.34
158.36
158.36
158.39
158.41
158.43
158.46
158.46
158.48
158.55
158.63
158.65
158.68
158.68
158.70
158.84
158.84
158.85
158.86
158.94
158.96
158.96
158.99
158.99
159.03
159.06
159.08
159.08
159.09
159.14
159.15
159.15
159.19
159.21
159.23
159.23
159.33
159.34
159.35
159.35
159.39
159.44
159.44
159.44
159.44
159.44
159.57
159.58
159.59
159.62
159.62
159.62
159.65
159.68
159.68
159.70
159.72
159.73
159.77
159.78
159.86
159.93
159.93
159.97
160.02
160.02
160.02
160.11
160.12
160.12
160.17
160.20
160.22
160.23
160.24
160.25
160.35
160.35
160.40
160.41
160.44
160.51
160.56
160.62
160.62
160.62
160.63
160.64
160.66
160.69
160.71
160.73
160.75
160.77
160.77
160.80
160.82
160.82
160.87
160.91
160.91
160.91
160.97
160.98
161.03
161.03
161.08
161.16
161.19
161.19
161.22
161.22
161.24
161.27
161.28
161.33
161.33
161.56
161.56
161.56
161.57
161.57
161.57
161.57
161.57
161.57
161.57
161.57
161.57
161.57
161.57
161.57
161.57
161.57
161.79
161.86
161.88
161.88
161.91
161.91
161.92
161.93
161.94
161.94
161.95
161.97
162.03
162.05
162.07
162.07
162.10
162.12
162.12
162.22
162.25
162.26
162.26
162.26
162.30
162.33
162.35
162.35
162.35
162.35
162.39
162.39
162.44
162.47
162.47
162.47
162.47
162.47
162.51
162.53
162.55
162.55
162.55
162.55
162.55
162.57
162.61
162.67
162.69
162.79
162.80
162.80
162.82
162.83
162.86
162.90
162.90
162.90
162.96
162.96
162.96
162.98
163.01
163.01
163.02
163.07
163.07
163.11
163.12
163.12
163.14
163.14
163.14
163.16
163.18
163.20
163.22
163.24
163.24
163.26
163.30
163.30
163.30
163.43
163.47
163.47
163.53
163.54
163.56
163.61
163.61
163.61
163.61
163.61
163.63
163.64
163.66
163.72
163.72
163.77
163.83
163.87
163.95
164.05
164.05
164.05
164.06
164.13
164.13
164.21
164.27
164.29
164.29
164.32
164.36
164.48
164.48
164.48
164.48
164.52
164.52
164.54
164.60
164.62
164.67
164.67
164.74
164.74
164.75
164.77
164.82
164.83
164.83
164.89
164.93
164.95
164.99
165.03
165.06
165.07
165.07
165.07
165.07
165.10
165.11
165.15
165.16
165.17
165.23
165.23
165.23
165.26
165.30
165.38
165.38
165.38
165.45
165.47
165.58
165.65
165.68
165.70
165.81
165.82
165.84
165.84
165.88
165.89
165.90
165.96
165.96
165.96
165.96
165.96
165.96
165.96
165.96
165.96
165.96
165.96
165.96
166.02
166.10
166.10
166.10
166.15
166.26
166.26
166.29
166.29
166.34
166.35
166.43
166.43
166.43
166.50
166.52
166.55
166.58
166.61
166.61
166.61
166.65
166.65
166.65
166.68
166.72
166.75
166.76
166.89
166.90
166.93
166.94
167.01
167.01
167.03
167.05
167.05
167.06
167.06
167.07
167.11
167.11
167.13
167.13
167.20
167.20
167.20
167.20
167.21
167.22
167.24
167.25
167.28
167.28
167.28
167.29
167.32
167.32
167.32
167.35
167.47
167.47
167.47
167.47
167.51
167.55
167.55
167.59
167.59
167.59
167.62
167.62
167.62
167.66
167.68
167.69
167.71
167.74
167.74
167.76
167.78
167.80
167.80
167.85
167.91
167.91
167.91
167.91
167.91
167.93
167.93
167.96
167.97
167.97
167.99
167.99
168.03
168.06
168.06
168.11
168.11
168.15
168.18
168.19
168.19
168.20
168.23
168.23
168.27
168.31
168.31
168.37
168.39
168.44
168.47
168.48
168.49
168.50
168.52
168.52
168.52
168.52
168.53
168.57
168.57
168.58
168.69
168.69
168.69
168.69
168.69
168.69
168.69
168.69
168.77
168.79
168.82
168.84
168.84
168.87
168.89
168.93
168.96
168.96
169.00
169.00
169.01
169.02
169.05
169.05
169.05
169.05
169.07
169.08
169.11
169.11
169.11
169.15
169.16
169.18
169.18
169.22
169.22
169.22
169.22
169.22
169.22
169.23
169.24
169.26
169.28
169.30
169.31
169.32
169.33
169.38
169.38
169.38
169.38
169.38
169.46
169.46
169.51
169.51
169.51
169.53
169.54
169.56
169.63
169.65
169.65
169.69
169.69
169.70
169.70
169.70
169.70
169.70
169.70
169.70
169.71
169.76
169.80
169.82
169.82
169.82
169.82
169.82
169.82
169.88
169.88
169.88
169.90
169.92
169.92
169.92
169.94
169.95
169.96
169.97
169.99
169.99
169.99
169.99
170.02
170.04
170.05
170.06
170.13
170.13
170.13
170.13
170.13
170.13
170.17
170.18
170.22
170.22
170.25
170.26
170.29
170.31
170.31
170.32
170.38
170.39
170.39
170.46
170.54
170.54
170.54
170.54
170.54
170.54
170.54
170.54
170.54
170.54
170.54
170.54
170.65
170.66
170.71
170.73
170.73
170.73
170.74
170.79
170.79
170.81
170.82
170.82
170.84
170.84
170.84
170.87
170.87
170.88
170.88
170.91
170.91
170.96
170.98
171.01
171.03
171.03
171.03
171.03
171.03
171.03
171.03
171.08
171.09
171.10
171.20
171.21
171.25
171.25
171.25
171.25
171.25
171.26
171.28
171.29
171.30
171.31
171.32
171.33
171.33
171.35
171.35
171.40
171.42
171.42
171.42
171.43
171.47
171.47
171.47
171.47
171.57
171.57
171.60
171.62
171.63
171.63
171.63
171.64
171.65
171.66
171.66
171.67
171.68
171.71
171.72
171.82
171.87
171.87
171.87
171.87
171.87
171.87
171.87
171.87
171.87
171.87
171.95
171.98
172.00
172.00
172.00
172.03
172.09
172.09
172.11
172.15
172.16
172.17
172.18
172.20
172.22
172.23
172.23
172.23
172.23
172.27
172.27
172.27
172.28
172.30
172.38
172.40
172.41
172.41
172.43
172.45
172.46
172.46
172.48
172.50
172.50
172.50
172.51
172.53
172.54
172.56
172.65
172.65
172.65
172.67
172.67
172.67
172.69
172.69
172.69
172.72
172.73
172.75
172.76
172.87
172.87
172.87
172.87
172.88
172.88
172.88
172.92
172.93
172.94
172.94
173.00
173.00
173.01
173.01
173.02
173.04
173.04
173.05
173.07
173.09
173.14
173.16
173.19
173.21
173.23
173.29
173.29
173.29
173.29
173.32
173.33
173.33
173.33
173.35
173.35
173.36
173.37
173.37
173.41
173.42
173.42
173.44
173.48
173.57
173.57
173.57
173.66
173.66
173.66
173.66
173.66
173.66
173.66
173.66
173.66
173.66
173.66
173.66
173.70
173.71
173.72
173.75
173.76
173.77
173.77
173.77
173.80
173.80
173.80
173.81
173.81
173.81
173.83
173.87
173.88
173.88
173.89
173.95
173.98
173.99
173.99
173.99
173.99
173.99
173.99
174.03
174.03
174.03
174.04
174.05
174.06
174.07
174.08
174.14
174.19
174.19
174.21
174.25
174.29
174.29
174.29
174.29
174.29
174.29
174.29
174.29
174.29
174.29
174.29
174.29
174.34
174.37
174.40
174.41
174.43
174.47
174.47
174.47
174.49
174.49
174.56
174.56
174.61
174.61
174.62
174.66
174.67
174.68
174.69
174.72
174.72
174.74
174.75
174.81
174.81
174.81
174.81
174.81
174.81
174.81
174.81
174.86
174.86
174.87
174.90
174.92
174.92
174.96
174.96
174.96
174.96
174.96
174.99
174.99
175.00
175.03
175.03
175.03
175.08
175.10
175.10
175.10
175.10
175.12
175.14
175.15
175.16
175.16
175.16
175.18
175.24
175.24
175.24
175.24
175.24
175.24
175.24
175.26
175.29
175.29
175.31
175.31
175.33
175.33
175.33
175.43
175.43
175.43
175.43
175.43
175.43
175.49
175.49
175.52
175.52
175.52
175.53
175.55
175.56
175.60
175.60
175.60
175.60
175.60
175.64
175.65
175.68
175.71
175.71
175.76
175.76
175.79
175.79
175.79
175.80
175.80
175.80
175.81
175.81
175.81
175.85
175.86
175.86
175.86
175.91
175.91
175.91
175.91
175.91
175.91
175.91
175.91
175.95
175.97
176.01
176.02
176.04
176.04
176.08
176.12
176.13
176.15
176.17
176.19
176.19
176.19
176.19
176.19
176.23
176.25
176.25
176.27
176.27
176.27
176.28
176.31
176.31
176.31
176.31
176.31
176.33
176.33
176.33
176.42
176.42
176.42
176.42
176.44
176.47
176.47
176.47
176.48
176.48
176.50
176.50
176.51
176.53
176.53
176.53
176.57
176.57
176.57
176.59
176.60
176.63
176.63
176.63
176.63
176.63
176.63
176.63
176.67
176.68
176.70
176.71
176.73
176.73
176.73
176.73
176.74
176.75
176.78
176.80
176.80
176.82
176.82
176.82
176.84
176.90
176.91
176.91
176.91
176.92
176.93
176.93
176.93
176.95
176.99
176.99
176.99
176.99
177.00
177.03
177.06
177.06
177.06
177.06
177.06
177.06
177.09
177.09
177.10
177.11
177.12
177.14
177.14
177.17
177.19
177.19
177.20
177.21
177.21
177.22
177.25
177.25
177.25
177.26
177.27
177.33
177.34
177.34
177.35
177.36
177.37
177.40
177.40
177.40
177.43
177.44
177.44
177.46
177.47
177.48
177.49
177.51
177.51
177.51
177.51
177.53
177.53
177.54
177.55
177.55
177.56
177.56
177.56
177.61
177.61
177.61
177.61
177.61
177.61
177.61
177.61
177.61
177.63
177.64
177.65
177.68
177.68
177.70
177.71
177.71
177.73
177.74
177.75
177.77
177.78
177.80
177.80
177.80
177.80
177.80
177.83
177.85
177.85
177.85
177.86
177.88
177.88
177.88
177.88
177.89
177.90
177.90
177.93
177.95
177.97
177.97
177.99
177.99
177.99
178.02
178.03
178.06
178.06
178.09
178.09
178.12
178.12
178.12
178.12
178.15
178.15
178.17
178.17
178.20
178.21
178.21
178.23
178.25
178.26
178.26
178.26
178.26
178.26
178.30
178.32
178.32
178.33
178.33
178.36
178.36
178.36
178.36
178.36
178.41
178.41
178.41
178.41
178.43
178.44
178.44
178.44
178.45
178.47
178.49
178.49
178.49
178.49
178.51
178.51
178.51
178.52
178.53
178.53
178.55
178.57
178.57
178.59
178.59
178.60
178.63
178.64
178.65
178.67
178.67
178.67
178.68
178.69
178.69
178.70
178.70
178.71
178.73
178.75
178.78
178.78
178.78
178.81
178.81
178.82
178.82
178.83
178.88
178.88
178.89
178.90
178.90
178.91
178.92
178.92
178.92
178.93
178.94
178.94
178.95
178.95
178.96
178.98
178.98
178.99
178.99
178.99
179.00
179.01
179.05
179.05
179.06
179.08
179.08
179.08
179.08
179.09
179.13
179.14
179.16
179.17
179.19
179.24
179.25
179.27
179.28
179.28
179.28
179.30
179.33
179.33
179.33
179.35
179.35
179.35
179.36
179.36
179.36
179.39
179.39
179.41
179.42
179.44
179.44
179.47
179.48
179.50
179.57
179.57
179.58
179.67
180.00
180.00
180.00
180.00
180.00
180.00
180.00
180.00
180.00
180.00
180.00
180.00
180.00
180.00
180.00
180.00
180.00
180.00
180.00
180.00
180.00
180.00
180.00
180.00
180.00
180.00
180.00
180.00
180.00
180.00
180.00
180.00
180.00
180.00
180.00
180.00
180.00
180.00
180.00
180.00
180.00
180.00
180.00
180.00
180.00
180.00
180.00
180.00
180.00
180.00
180.00
180.00
180.00
180.00
180.00
180.00
180.00
180.00
180.00
180.00
180.00
180.00
180.00
180.00
180.00
180.00
180.00
180.00
180.00
180.00
180.00
180.00
180.00
180.00
180.00
180.00
180.00
180.00
180.00
180.00
180.00
180.00
180.00
180.00
180.00
180.30
180.30
180.31
180.32
180.38
180.41
180.42
180.45
180.45
180.49
180.49
180.52
180.52
180.53
180.55
180.58
180.59
180.60
180.62
180.63
180.63
180.64
180.64
180.67
180.67
180.68
180.69
180.73
180.76
180.80
180.81
180.82
180.84
180.86
180.86
180.88
180.88
180.89
180.95
180.97
180.97
180.98
180.99
180.99
181.02
181.02
181.06
181.06
181.06
181.06
181.07
181.10
181.10
181.12
181.14
181.14
181.15
181.18
181.18
181.18
181.19
181.19
181.19
181.19
181.21
181.22
181.26
181.27
181.29
181.29
181.29
181.30
181.32
181.33
181.34
181.35
181.36
181.36
181.37
181.40
181.40
181.40
181.43
181.43
181.44
181.45
181.45
181.47
181.47
181.47
181.47
181.50
181.51
181.52
181.55
181.55
181.55
181.57
181.64
181.65
181.66
181.66
181.68
181.68
181.68
181.69
181.71
181.74
181.75
181.75
181.76
181.79
181.79
181.80
181.84
181.85
181.85
181.88
181.91
181.92
181.95
181.97
181.97
181.98
181.99
182.01
182.05
182.05
182.05
182.08
182.12
182.12
182.12
182.12
182.12
182.12
182.14
182.14
182.15
182.16
182.17
182.20
182.20
182.20
182.20
182.20
182.22
182.24
182.25
182.25
182.26
182.28
182.28
182.32
182.33
182.34
182.34
182.35
182.36
182.39
182.39
182.39
182.39
182.39
182.39
182.45
182.49
182.49
182.49
182.49
182.49
182.49
182.49
182.49
182.51
182.52
182.53
182.54
182.54
182.56
182.56
182.57
182.60
182.60
182.60
182.63
182.66
182.66
182.68
182.73
182.73
182.73
182.76
182.76
182.77
182.78
182.79
182.79
182.83
182.86
182.86
182.86
182.86
182.86
182.89
182.90
182.91
182.94
182.96
182.99
183.01
183.01
183.02
183.04
183.07
183.07
183.08
183.08
183.09
183.12
183.12
183.12
183.12
183.18
183.18
183.18
183.18
183.18
183.18
183.18
183.18
183.18
183.18
183.18
183.18
183.18
183.23
183.24
183.25
183.27
183.27
183.30
183.31
183.31
183.31
183.32
183.33
183.33
183.37
183.37
183.37
183.40
183.41
183.42
183.43
183.43
183.45
183.45
183.46
183.47
183.50
183.52
183.52
183.52
183.54
183.58
183.58
183.60
183.63
183.69
183.69
183.73
183.74
183.74
183.75
183.76
183.76
183.78
183.80
183.81
183.81
183.81
183.81
183.81
183.81
183.81
183.81
183.88
183.90
183.90
183.90
183.90
183.93
183.99
183.99
184.00
184.00
184.01
184.03
184.03
184.04
184.04
184.09
184.09
184.09
184.16
184.16
184.16
184.18
184.18
184.21
184.24
184.24
184.24
184.24
184.28
184.29
184.30
184.31
184.35
184.40
184.40
184.40
184.40
184.40
184.45
184.47
184.51
184.51
184.51
184.53
184.54
184.57
184.61
184.64
184.65
184.68
184.71
184.72
184.72
184.76
184.82
184.84
184.88
184.88
184.89
184.90
184.93
184.94
184.97
185.06
185.06
185.09
185.16
185.19
185.19
185.19
185.19
185.19
185.19
185.19
185.19
185.19
185.27
185.27
185.29
185.31
185.34
185.36
185.39
185.39
185.42
185.42
185.44
185.44
185.44
185.51
185.53
185.53
185.55
185.57
185.57
185.60
185.71
185.71
185.71
185.71
185.71
185.71
185.71
185.71
185.76
185.81
185.83
185.83
185.86
185.91
185.93
185.93
185.93
185.93
185.99
186.01
186.01
186.05
186.07
186.08
186.12
186.14
186.14
186.15
186.16
186.20
186.20
186.24
186.28
186.34
186.34
186.34
186.34
186.34
186.34
186.34
186.37
186.39
186.46
186.52
186.56
186.56
186.58
186.58
186.58
186.58
186.60
186.63
186.65
186.71
186.75
186.77
186.84
186.84
186.84
186.87
186.88
186.91
186.91
186.95
186.95
186.99
187.03
187.06
187.13
187.15
187.17
187.18
187.19
187.19
187.20
187.21
187.25
187.31
187.33
187.33
187.33
187.35
187.39
187.39
187.41
187.42
187.43
187.43
187.43
187.45
187.45
187.46
187.50
187.50
187.52
187.54
187.59
187.59
187.59
187.59
187.64
187.65
187.71
187.71
187.74
187.77
187.78
187.82
187.85
187.85
187.85
187.85
187.95
188.04
188.04
188.13
188.13
188.13
188.21
188.23
188.23
188.23
188.33
188.40
188.43
188.43
188.48
188.49
188.49
188.49
188.52
188.53
188.57
188.58
188.60
188.62
188.65
188.75
188.75
188.75
188.75
188.79
188.88
188.92
188.94
188.95
188.97
188.97
189.00
189.04
189.08
189.11
189.11
189.13
189.14
189.16
189.21
189.23
189.24
189.27
189.27
189.29
189.29
189.31
189.34
189.40
189.46
189.46
189.46
189.46
189.46
189.46
189.46
189.46
189.46
189.46
189.54
189.56
189.58
189.66
189.67
189.69
189.73
189.73
189.78
189.78
189.81
189.82
189.83
189.87
189.87
189.87
189.89
189.89
189.95
189.96
189.97
190.01
190.07
190.08
190.16
190.18
190.19
190.19
190.20
190.22
190.30
190.30
190.30
190.31
190.35
190.37
190.41
190.41
190.44
190.44
190.44
190.44
190.46
190.47
190.49
190.49
190.53
190.57
190.59
190.62
190.62
190.63
190.78
190.78
190.78
190.78
190.81
190.84
190.84
190.86
190.89
190.89
190.89
190.89
190.95
191.00
191.00
191.03
191.04
191.06
191.07
191.09
191.13
191.18
191.20
191.31
191.31
191.31
191.31
191.31
191.31
191.31
191.31
191.31
191.31
191.31
191.31
191.31
191.43
191.45
191.46
191.48
191.48
191.50
191.67
191.69
191.77
191.85
191.89
191.98
192.02
192.06
192.09
192.09
192.17
192.18
192.20
192.26
192.29
192.33
192.34
192.34
192.43
192.48
192.53
192.53
192.53
192.53
192.53
192.53
192.53
192.53
192.53
192.58
192.58
192.60
192.60
192.63
192.63
192.67
192.71
192.72
192.72
192.72
192.72
192.74
192.77
192.80
192.80
192.95
192.97
192.99
192.99
192.99
192.99
193.06
193.08
193.09
193.11
193.13
193.13
193.24
193.27
193.45
193.45
193.47
193.47
193.50
193.52
193.57
193.57
193.63
193.63
193.63
193.67
193.68
193.69
193.74
193.74
193.76
193.78
193.80
193.80
193.85
193.90
194.04
194.04
194.04
194.04
194.04
194.04
194.04
194.04
194.04
194.04
194.04
194.04
194.26
194.26
194.28
194.29
194.30
194.32
194.34
194.34
194.38
194.41
194.42
194.46
194.49
194.53
194.53
194.62
194.62
194.68
194.70
194.74
194.74
194.77
194.77
194.80
194.80
194.83
194.83
194.83
194.83
194.87
194.88
194.89
194.90
194.93
194.93
194.93
194.96
194.97
194.98
195.02
195.05
195.07
195.10
195.12
195.12
195.17
195.17
195.20
195.20
195.21
195.22
195.26
195.26
195.26
195.35
195.35
195.38
195.40
195.42
195.42
195.47
195.48
195.49
195.49
195.52
195.52
195.52
195.52
195.61
195.64
195.64
195.66
195.66
195.71
195.74
195.86
195.95
195.95
195.95
195.95
195.95
196.05
196.07
196.11
196.17
196.19
196.24
196.29
196.31
196.34
196.34
196.34
196.35
196.37
196.39
196.39
196.43
196.45
196.54
196.56
196.61
196.63
196.70
196.70
196.70
196.78
196.80
196.81
196.82
196.86
196.90
196.93
196.93
196.93
196.93
196.99
197.02
197.10
197.10
197.15
197.18
197.20
197.20
197.23
197.24
197.24
197.24
197.24
197.27
197.31
197.32
197.35
197.43
197.49
197.50
197.50
197.53
197.56
197.57
197.59
197.62
197.65
197.73
197.74
197.74
197.76
197.77
197.78
197.82
197.86
197.86
197.93
197.97
198.00
198.04
198.04
198.07
198.08
198.10
198.10
198.10
198.12
198.14
198.15
198.15
198.17
198.20
198.43
198.43
198.43
198.43
198.44
198.44
198.58
198.60
198.70
198.81
198.85
198.89
198.90
198.92
198.94
198.97
199.03
199.06
199.07
199.12
199.13
199.18
199.18
199.23
199.25
199.27
199.29
199.29
199.37
199.37
199.42
199.44
199.44
199.49
199.49
199.50
199.54
199.59
199.65
199.81
199.82
199.82
199.82
199.83
199.83
199.87
199.89
199.92
199.93
199.98
199.98
199.98
199.98
200.01
200.07
200.10
200.10
200.28
200.32
200.38
200.38
200.38
200.42
200.45
200.48
200.48
200.49
200.56
200.60
200.62
200.65
200.68
200.70
200.74
200.77
200.84
200.85
200.86
200.88
200.96
200.96
200.97
200.99
201.04
201.04
201.07
201.12
201.13
201.16
201.16
201.19
201.34
201.34
201.45
201.48
201.49
201.57
201.57
201.67
201.72
201.80
201.80
201.80
201.80
201.80
201.80
201.80
201.80
201.80
201.80
201.93
201.97
202.08
202.09
202.11
202.14
202.22
202.25
202.27
202.27
202.28
202.28
202.31
202.33
202.38
202.48
202.57
202.59
202.69
202.70
202.75
202.77
202.77
202.81
202.83
202.83
202.93
202.93
202.95
202.95
202.99
203.11
203.15
203.20
203.20
203.20
203.30
203.34
203.44
203.55
203.63
203.63
203.63
203.69
203.70
203.73
203.81
203.96
203.96
204.00
204.08
204.10
204.12
204.15
204.15
204.18
204.18
204.18
204.18
204.19
204.23
204.23
204.32
204.34
204.40
204.44
204.44
204.52
204.57
204.62
204.62
204.68
204.71
204.72
204.73
204.77
204.77
204.78
204.85
204.86
204.90
204.90
204.99
205.04
205.07
205.07
205.10
205.11
205.15
205.20
205.26
205.28
205.30
205.32
205.35
205.38
205.46
205.46
205.54
205.54
205.56
205.56
205.56
205.56
205.71
205.77
205.80
205.82
205.84
205.85
205.86
205.87
205.89
205.91
205.91
205.94
205.94
205.95
205.97
205.97
206.00
206.00
206.05
206.08
206.10
206.22
206.31
206.42
206.56
206.56
206.56
206.56
206.57
206.57
206.57
206.57
206.57
206.67
206.76
206.81
206.81
206.83
206.89
206.91
206.93
206.93
206.98
206.98
207.03
207.05
207.07
207.23
207.26
207.26
207.30
207.35
207.35
207.41
207.46
207.47
207.53
207.55
207.55
207.57
207.60
207.60
207.73
207.76
207.76
207.80
207.86
207.90
207.92
207.96
207.98
208.07
208.07
208.07
208.22
208.22
208.24
208.30
208.30
208.30
208.30
208.35
208.39
208.39
208.42
208.44
208.44
208.47
208.50
208.50
208.50
208.51
208.52
208.55
208.61
208.61
208.65
208.66
208.71
208.71
208.74
208.74
208.77
208.77
208.77
208.78
208.81
208.81
208.81
208.84
208.89
208.92
208.93
209.00
209.02
209.05
209.05
209.17
209.20
209.22
209.28
209.29
209.29
209.38
209.44
209.46
209.48
209.48
209.53
209.54
209.55
209.61
209.62
209.62
209.74
209.75
209.75
209.79
209.84
209.92
209.98
209.98
210.07
210.17
210.17
210.23
210.26
210.28
210.31
210.38
210.47
210.68
210.68
210.70
210.78
210.96
210.96
210.96
210.96
210.96
211.04
211.06
211.09
211.09
211.14
211.14
211.18
211.22
211.28
211.33
211.41
211.41
211.43
211.43
211.46
211.46
211.50
211.55
211.56
211.56
211.61
211.61
211.61
211.62
211.72
211.74
211.76
211.76
211.80
211.83
211.89
212.00
212.01
212.15
212.15
212.20
212.28
212.28
212.30
212.33
212.44
212.49
212.50
212.52
212.52
212.59
212.60
212.67
212.68
212.74
212.87
212.90
212.91
212.96
212.99
212.99
213.02
213.08
213.14
213.15
213.18
213.20
213.20
213.27
213.33
213.34
213.42
213.45
213.45
213.69
213.69
213.69
213.69
213.87
213.88
213.89
213.89
213.90
214.05
214.09
214.15
214.18
214.22
214.26
214.27
214.29
214.29
214.34
214.39
214.45
214.47
214.51
214.57
214.63
214.64
214.70
214.70
214.70
214.70
214.76
214.84
214.85
214.90
214.99
214.99
215.02
215.10
215.10
215.12
215.13
215.13
215.15
215.22
215.30
215.31
215.31
215.40
215.42
215.42
215.46
215.54
215.54
215.59
215.71
215.71
215.74
215.76
215.77
215.79
215.82
215.84
215.84
215.86
215.88
215.89
215.94
215.94
215.97
216.03
216.03
216.03
216.03
216.03
216.03
216.12
216.12
216.14
216.25
216.25
216.31
216.35
216.35
216.36
216.38
216.42
216.43
216.44
216.45
216.45
216.47
216.47
216.47
216.51
216.54
216.61
216.63
216.63
216.67
216.74
216.87
216.87
216.95
217.09
217.12
217.15
217.15
217.15
217.26
217.34
217.35
217.35
217.37
217.37
217.39
217.41
217.41
217.51
217.54
217.57
217.65
217.73
217.80
217.82
217.87
217.91
217.92
217.95
217.95
218.00
218.05
218.05
218.05
218.05
218.07
218.16
218.16
218.21
218.23
218.25
218.28
218.29
218.36
218.40
218.45
218.47
218.47
218.56
218.66
218.66
218.71
218.78
218.82
218.87
218.99
218.99
219.01
219.05
219.14
219.17
219.29
219.29
219.35
219.37
219.37
219.38
219.45
219.46
219.47
219.54
219.54
219.59
219.60
219.61
219.61
219.73
219.80
219.81
219.81
219.81
219.81
219.81
219.84
219.93
219.95
220.05
220.07
220.15
220.16
220.18
220.19
220.31
220.36
220.43
220.44
220.45
220.46
220.57
220.60
220.60
220.60
220.60
220.65
220.68
220.80
220.82
220.84
220.98
221.05
221.08
221.08
221.08
221.19
221.23
221.33
221.35
221.37
221.41
221.51
221.53
221.55
221.56
221.63
221.74
221.76
221.80
221.82
221.99
222.05
222.06
222.09
222.10
222.16
222.18
222.20
222.27
222.34
222.47
222.48
222.56
222.61
222.63
222.63
222.88
222.88
222.88
222.90
222.95
222.95
222.99
223.02
223.03
223.06
223.15
223.15
223.20
223.22
223.25
223.32
223.32
223.36
223.36
223.43
223.47
223.48
223.53
223.53
223.54
223.57
223.60
223.67
223.67
223.75
223.78
223.81
223.95
224.00
224.09
224.09
224.14
224.15
224.27
224.27
224.44
224.48
224.51
224.55
224.60
224.70
224.70
224.76
225.00
225.00
225.00
225.00
225.00
225.00
225.00
225.00
225.00
225.00
225.34
225.42
225.52
225.63
225.64
225.71
225.71
225.73
225.88
225.92
226.01
226.06
226.08
226.10
226.17
226.22
226.22
226.31
226.33
226.40
226.47
226.47
226.55
226.61
226.64
226.67
226.68
226.74
226.81
226.85
226.85
226.91
226.92
226.97
226.97
226.99
227.06
227.06
227.08
227.12
227.12
227.14
227.25
227.33
227.37
227.45
227.49
227.55
227.58
227.59
227.64
227.66
227.78
227.82
227.82
227.86
227.86
228.04
228.10
228.14
228.18
228.37
228.37
228.37
228.49
228.50
228.50
228.54
228.65
228.71
228.81
228.82
228.89
228.98
228.99
228.99
229.06
229.09
229.09
229.09
229.09
229.09
229.09
229.21
229.23
229.24
229.27
229.28
229.30
229.31
229.40
229.48
229.55
229.57
229.61
229.64
229.64
229.71
229.71
229.73
229.82
229.86
229.90
229.97
230.19
230.19
230.30
230.39
230.41
230.49
230.49
230.49
230.75
230.81
230.82
230.83
230.87
230.91
231.01
231.03
231.06
231.17
231.25
231.26
231.34
231.34
231.34
231.41
231.43
231.50
231.74
231.80
231.84
231.84
231.84
231.91
231.94
232.03
232.08
232.08
232.12
232.29
232.31
232.37
232.37
232.42
232.47
232.55
232.63
232.70
232.77
232.82
232.82
233.00
233.07
233.13
233.13
233.20
233.22
233.23
233.27
233.31
233.33
233.37
233.38
233.39
233.62
233.62
233.72
233.75
233.75
233.81
233.82
233.92
233.92
233.97
233.97
233.97
234.08
234.11
234.19
234.22
234.25
234.25
234.34
234.46
234.46
234.46
234.53
234.87
235.18
235.22
235.30
235.31
235.38
235.41
235.41
235.49
235.78
235.80
235.83
235.92
235.94
235.95
235.95
236.07
236.10
236.19
236.31
236.31
236.48
236.49
236.50
236.58
236.63
236.67
236.78
236.79
236.82
236.84
236.93
236.98
237.09
237.26
237.26
237.46
237.57
237.79
237.94
237.99
237.99
238.21
238.24
238.28
238.30
238.52
238.61
238.78
238.88
238.98
239.04
239.28
239.30
239.38
239.42
239.51
239.59
239.74
239.98
240.07
240.07
240.11
240.22
240.26
240.26
240.42
240.64
240.72
240.74
240.75
240.88
240.95
241.07
241.11
241.19
241.19
241.22
241.50
241.50
241.70
241.82
242.10
242.10
242.14
242.28
242.40
242.59
242.65
242.68
242.83
242.90
242.93
242.97
242.99
243.00
243.04
243.06
243.11
243.14
243.43
243.43
243.43
243.43
243.44
243.44
243.67
243.80
243.82
243.95
244.20
244.21
244.33
244.65
244.65
244.68
244.80
244.88
244.98
245.06
245.23
245.28
245.30
245.49
245.51
245.56
245.62
245.80
245.85
246.16
246.19
246.37
246.37
246.56
246.64
246.69
246.93
247.07
247.08
247.17
247.52
247.69
247.73
247.82
248.03
248.20
248.20
248.20
248.20
248.80
248.96
249.44
249.44
249.44
249.44
249.54
249.62
250.20
250.20
250.30
250.35
250.35
251.11
251.44
251.56
251.56
251.57
251.57
252.28
252.32
252.47
252.73
252.97
253.07
253.50
253.64
253.65
253.69
254.05
254.05
254.05
254.41
254.48
254.74
254.96
255.00
255.80
255.81
255.96
256.48
256.61
256.76
257.83
258.11
258.18
258.23
258.29
258.29
258.44
258.49
258.69
258.93
259.78
259.90
260.54
260.54
260.54
261.03
261.25
261.39
261.57
261.81
262.01
262.40
262.41
262.82
262.87
262.88
263.05
263.05
263.22
263.42
263.66
263.66
264.29
264.47
264.52
264.56
264.62
264.65
264.69
264.81
264.81
264.93
264.99
265.10
265.24
265.24
265.36
265.49
265.60
265.75
265.79
266.10
266.19
266.27
266.63
267.04
267.14
267.37
267.40
267.40
267.40
267.51
267.51
267.51
267.51
267.51
267.61
267.65
267.71
267.71
267.95
267.95
267.99
268.03
268.09
268.09
268.21
268.21
268.34
268.36
268.41
268.60
268.77
268.77
268.96
269.11
269.48
269.58
270.00
270.00
270.00
270.00
270.00
270.00
270.00
270.00
270.00
270.00
270.00
270.00
270.35
270.45
270.57
270.73
270.78
270.80
270.85
270.91
271.01
271.02
271.13
271.16
271.18
271.27
271.29
271.29
271.32
271.40
271.49
271.51
271.51
271.51
271.54
271.59
271.66
271.76
271.80
271.85
271.86
271.87
271.93
272.08
272.12
272.16
272.16
272.17
272.20
272.25
272.27
272.34
272.39
272.39
272.42
272.49
272.49
272.49
272.56
272.59
272.60
272.60
272.63
272.68
272.71
272.73
272.79
272.82
273.04
273.09
273.15
273.21
273.29
273.29
273.37
273.43
273.49
273.65
273.65
273.91
274.00
274.05
274.08
274.09
274.09
274.09
274.13
274.21
274.22
274.24
274.24
274.31
274.34
274.40
274.40
274.40
274.47
274.47
274.67
274.76
274.97
274.97
274.97
274.97
275.06
275.08
275.10
275.12
275.19
275.25
275.31
275.36
275.51
275.53
275.55
275.57
275.59
275.70
275.71
275.71
275.71
275.71
275.71
275.77
275.78
275.79
275.86
275.91
275.91
276.01
276.09
276.12
276.20
276.23
276.41
276.41
276.55
276.56
276.58
276.60
276.63
276.67
276.71
276.74
276.93
277.00
277.07
277.12
277.13
277.21
277.25
277.35
277.39
277.50
277.59
277.59
277.62
277.65
277.67
277.67
277.70
277.71
277.80
277.83
277.97
278.03
278.04
278.04
278.13
278.13
278.13
278.13
278.13
278.19
278.20
278.32
278.33
278.34
278.53
278.55
278.58
278.58
278.60
278.62
278.69
278.75
278.75
278.77
278.80
278.88
278.91
278.97
278.97
278.97
279.03
279.05
279.09
279.09
279.18
279.21
279.29
279.29
279.29
279.34
279.35
279.46
279.46
279.46
279.46
279.51
279.54
279.57
279.59
279.65
279.69
279.71
279.73
279.81
279.87
279.87
279.87
279.89
279.90
279.90
279.93
279.95
280.04
280.06
280.08
280.12
280.13
280.18
280.19
280.24
280.33
280.37
280.37
280.38
280.39
280.41
280.44
280.47
280.59
280.62
280.62
280.70
280.74
280.78
280.89
280.89
280.90
280.99
280.99
280.99
281.00
281.07
281.09
281.14
281.14
281.31
281.31
281.31
281.31
281.31
281.31
281.40
281.42
281.42
281.48
281.52
281.53
281.60
281.62
281.63
281.63
281.63
281.63
281.66
281.74
281.80
281.82
281.83
281.89
281.89
281.89
281.89
281.89
281.89
281.92
281.98
281.99
282.06
282.09
282.15
282.20
282.22
282.23
282.26
282.29
282.30
282.33
282.34
282.36
282.41
282.42
282.45
282.47
282.53
282.53
282.53
282.53
282.58
282.61
282.76
282.76
282.80
282.80
282.86
282.89
282.99
282.99
282.99
283.00
283.00
283.05
283.07
283.07
283.09
283.13
283.17
283.22
283.24
283.24
283.24
283.26
283.31
283.39
283.39
283.47
283.63
283.65
283.70
283.74
283.78
283.78
283.80
283.83
283.84
283.84
283.84
283.86
283.88
283.92
283.97
284.04
284.04
284.04
284.04
284.04
284.04
284.16
284.21
284.24
284.25
284.28
284.31
284.36
284.37
284.42
284.44
284.47
284.47
284.48
284.54
284.57
284.59
284.62
284.70
284.70
284.81
284.83
284.85
284.85
284.87
284.88
284.93
284.97
284.98
285.00
285.02
285.02
285.02
285.02
285.07
285.07
285.10
285.12
285.17
285.19
285.20
285.26
285.26
285.26
285.35
285.36
285.38
285.42
285.42
285.45
285.46
285.46
285.59
285.64
285.64
285.64
285.71
285.71
285.71
285.75
285.75
285.77
285.78
285.80
285.81
285.82
285.85
285.95
285.95
285.95
285.95
285.95
285.95
285.95
285.95
285.95
286.00
286.08
286.09
286.09
286.13
286.14
286.19
286.21
286.22
286.24
286.25
286.26
286.26
286.28
286.29
286.31
286.36
286.39
286.39
286.39
286.39
286.45
286.52
286.55
286.56
286.56
286.57
286.63
286.70
286.70
286.70
286.70
286.74
286.78
286.80
286.80
286.84
286.89
286.89
286.89
286.93
286.93
286.96
287.02
287.04
287.07
287.10
287.10
287.14
287.19
287.20
287.20
287.20
287.20
287.34
287.35
287.42
287.53
287.53
287.54
287.56
287.57
287.61
287.62
287.63
287.65
287.68
287.74
287.74
287.93
287.94
287.97
287.97
287.99
288.12
288.14
288.14
288.15
288.21
288.22
288.24
288.43
288.43
288.44
288.44
288.44
288.44
288.53
288.61
288.66
288.68
288.69
288.74
288.78
288.82
288.89
288.89
288.89
288.92
288.99
289.01
289.03
289.05
289.07
289.09
289.09
289.09
289.09
289.18
289.18
289.20
289.21
289.22
289.22
289.29
289.33
289.37
289.40
289.44
289.49
289.49
289.52
289.58
289.65
289.65
289.71
289.71
289.72
289.76
289.77
289.89
289.93
289.94
289.98
290.12
290.14
290.17
290.17
290.17
290.22
290.25
290.30
290.32
290.43
290.44
290.45
290.56
290.56
290.56
290.56
290.60
290.64
290.65
290.67
290.67
290.70
290.80
290.83
290.85
290.88
290.89
290.93
290.97
291.04
291.04
291.04
291.12
291.19
291.22
291.22
291.25
291.25
291.30
291.30
291.32
291.45
291.50
291.80
291.80
291.80
291.80
291.80
291.88
291.90
291.91
291.95
291.97
292.02
292.11
292.13
292.13
292.18
292.19
292.20
292.22
292.23
292.25
292.25
292.25
292.34
292.40
292.48
292.55
292.56
292.62
292.62
292.68
292.70
292.76
292.83
292.92
292.93
292.93
292.96
292.97
293.00
293.05
293.06
293.14
293.20
293.20
293.20
293.20
293.20
293.32
293.32
293.33
293.36
293.36
293.36
293.39
293.43
293.47
293.50
293.52
293.53
293.54
293.55
293.67
293.70
293.73
293.75
293.78
293.81
294.06
294.10
294.12
294.15
294.15
294.18
294.23
294.27
294.30
294.30
294.34
294.36
294.39
294.44
294.44
294.51
294.55
294.57
294.57
294.62
294.62
294.68
294.69
294.70
294.70
294.73
294.78
294.78
294.78
294.98
295.02
295.07
295.11
295.20
295.20
295.20
295.20
295.20
295.23
295.28
295.28
295.31
295.35
295.41
295.43
295.46
295.46
295.51
295.54
295.56
295.56
295.60
295.60
295.77
295.77
295.82
295.94
295.94
295.96
295.97
296.00
296.05
296.05
296.18
296.20
296.27
296.36
296.37
296.38
296.56
296.56
296.56
296.57
296.57
296.57
296.57
296.57
296.81
296.81
296.88
297.00
297.01
297.03
297.03
297.05
297.07
297.10
297.15
297.35
297.44
297.45
297.60
297.65
297.70
297.70
297.76
297.76
297.87
297.90
297.95
298.01
298.07
298.07
298.07
298.30
298.30
298.44
298.61
298.61
298.63
298.78
298.79
298.98
299.05
299.05
299.06
299.10
299.20
299.25
299.36
299.40
299.41
299.43
299.48
299.58
299.58
299.62
299.64
299.68
299.74
299.84
299.90
299.90
299.98
299.98
299.98
299.98
300.02
300.03
300.12
300.14
300.14
300.16
300.19
300.19
300.37
300.47
300.47
300.50
300.58
300.58
300.62
300.70
300.74
300.76
300.80
300.82
300.96
300.96
301.05
301.19
301.22
301.26
301.26
301.26
301.29
301.31
301.34
301.35
301.43
301.50
301.53
301.55
301.55
301.61
301.61
301.76
301.76
301.82
301.87
301.89
302.01
302.01
302.12
302.12
302.20
302.28
302.30
302.39
302.53
302.53
302.54
302.56
302.57
302.62
302.70
302.74
302.83
302.83
302.95
302.97
303.02
303.02
303.18
303.20
303.22
303.23
303.25
303.27
303.31
303.33
303.41
303.43
303.44
303.58
303.69
303.69
303.69
303.69
303.69
303.69
303.69
303.69
303.92
303.92
303.97
304.08
304.11
304.29
304.29
304.31
304.42
304.53
304.54
304.61
304.62
304.69
304.70
304.82
304.82
304.82
304.88
304.89
304.99
304.99
304.99
304.99
305.10
305.22
305.22
305.34
305.43
305.54
305.54
305.54
305.60
305.62
305.68
305.71
305.84
305.84
305.88
306.03
306.03
306.03
306.03
306.03
306.03
306.12
306.19
306.33
306.34
306.44
306.50
306.59
306.61
306.67
306.69
306.70
306.87
306.87
306.87
306.87
307.04
307.09
307.15
307.18
307.18
307.23
307.24
307.26
307.41
307.41
307.48
307.50
307.57
307.57
307.66
307.75
307.75
307.87
307.88
307.88
307.88
308.03
308.04
308.05
308.09
308.13
308.16
308.16
308.20
308.23
308.33
308.38
308.42
308.45
308.45
308.57
308.58
308.66
308.66
308.75
308.85
308.99
308.99
309.17
309.17
309.40
309.51
309.81
309.81
309.81
309.87
309.89
309.99
310.06
310.10
310.27
310.39
310.49
310.49
310.49
310.67
310.75
310.76
310.91
310.92
310.93
311.01
311.01
311.04
311.05
311.19
311.19
311.19
311.19
311.19
311.22
311.42
311.45
311.47
311.50
311.55
311.58
311.70
311.71
311.74
311.76
311.82
311.82
311.87
311.89
311.91
311.99
311.99
312.08
312.21
312.27
312.27
312.30
312.40
312.47
312.51
312.51
312.51
312.57
312.60
312.66
312.71
312.74
312.75
312.80
312.94
312.95
313.03
313.05
313.06
313.09
313.11
313.15
313.15
313.15
313.26
313.32
313.32
313.39
313.59
313.63
313.73
313.76
313.78
313.78
313.78
313.81
313.89
313.96
313.96
313.99
314.03
314.06
314.10
314.19
314.24
314.31
314.38
314.67
315.00
315.00
315.00
315.00
315.00
315.00
315.00
315.00
315.00
315.00
315.00
315.00
315.00
315.00
315.00
315.00
315.00
315.00
315.00
315.43
315.46
315.58
315.69
315.73
315.81
315.86
316.17
316.20
316.22
316.29
316.29
316.47
316.47
316.48
316.55
316.64
316.74
316.81
317.05
317.05
317.12
317.12
317.12
317.19
317.23
317.23
317.29
317.29
317.29
317.34
317.39
317.49
317.49
317.56
317.60
317.60
317.73
317.73
317.73
317.82
317.89
317.91
318.01
318.01
318.01
318.01
318.01
318.11
318.12
318.14
318.18
318.18
318.22
318.24
318.24
318.25
318.28
318.37
318.37
318.45
318.53
318.58
318.60
318.62
318.69
318.72
318.75
318.76
318.81
318.81
318.90
318.92
318.92
318.92
318.95
319.09
319.09
319.17
319.18
319.18
319.19
319.21
319.21
319.24
319.40
319.40
319.40
319.40
319.69
319.76
319.76
319.97
320.01
320.04
320.12
320.19
320.19
320.19
320.30
320.33
320.39
320.44
320.48
320.48
320.53
320.56
320.57
320.59
320.63
320.68
320.71
320.71
320.71
320.83
320.91
320.91
320.91
320.91
321.01
321.01
321.06
321.10
321.10
321.12
321.12
321.12
321.17
321.17
321.20
321.22
321.34
321.34
321.46
321.50
321.58
321.63
321.63
321.63
321.63
321.71
321.71
321.75
321.84
321.88
321.95
321.95
321.95
321.95
322.05
322.09
322.13
322.22
322.43
322.43
322.43
322.50
322.52
322.56
322.59
322.65
322.67
322.67
322.70
322.70
322.74
322.76
322.77
322.96
323.04
323.13
323.13
323.13
323.13
323.13
323.13
323.13
323.13
323.13
323.13
323.13
323.22
323.30
323.30
323.30
323.33
323.39
323.47
323.47
323.57
323.58
323.67
323.70
323.75
323.77
323.78
323.81
323.82
323.88
323.97
323.97
323.97
323.97
324.05
324.06
324.14
324.16
324.25
324.26
324.28
324.28
324.29
324.29
324.40
324.46
324.46
324.46
324.46
324.55
324.55
324.55
324.57
324.62
324.64
324.64
324.66
324.66
324.69
324.69
324.78
324.78
324.78
324.87
324.87
325.01
325.01
325.01
325.01
325.06
325.08
325.10
325.20
325.22
325.28
325.31
325.36
325.38
325.39
325.41
325.41
325.41
325.41
325.44
325.44
325.49
325.49
325.56
325.56
325.60
325.62
325.62
325.65
325.71
325.71
325.71
325.73
325.81
325.82
325.83
325.84
325.84
325.86
325.89
325.92
325.98
326.04
326.04
326.13
326.22
326.31
326.31
326.31
326.31
326.31
326.31
326.31
326.31
326.31
326.31
326.31
326.31
326.31
326.31
326.31
326.31
326.40
326.43
326.50
326.63
326.65
326.70
326.71
326.72
326.73
326.77
326.79
326.79
326.82
326.86
326.89
326.98
326.98
326.98
326.98
327.03
327.09
327.16
327.17
327.24
327.26
327.26
327.26
327.27
327.27
327.38
327.38
327.43
327.43
327.47
327.48
327.53
327.53
327.53
327.53
327.67
327.72
327.77
327.78
327.80
327.80
327.89
327.89
327.95
327.99
327.99
327.99
327.99
327.99
328.00
328.00
328.04
328.11
328.11
328.11
328.11
328.13
328.17
328.20
328.22
328.24
328.24
328.30
328.37
328.39
328.42
328.46
328.47
328.50
328.50
328.52
328.53
328.57
328.61
328.63
328.70
328.70
328.71
328.71
328.74
328.74
328.74
328.76
328.81
328.88
329.03
329.04
329.04
329.20
329.20
329.22
329.30
329.30
329.32
329.32
329.35
329.39
329.40
329.42
329.42
329.46
329.47
329.53
329.53
329.53
329.53
329.57
329.62
329.66
329.81
329.83
329.93
329.93
329.95
330.07
330.07
330.07
330.10
330.12
330.16
330.17
330.18
330.25
330.25
330.26
330.26
330.26
330.26
330.35
330.36
330.36
330.38
330.38
330.40
330.44
330.52
330.55
330.59
330.61
330.64
330.64
330.64
330.68
330.71
330.75
330.75
330.75
330.80
330.81
330.82
330.82
330.95
330.95
330.95
330.95
330.95
331.02
331.02
331.07
331.11
331.11
331.19
331.19
331.19
331.19
331.22
331.23
331.26
331.26
331.29
331.39
331.39
331.39
331.39
331.39
331.49
331.50
331.57
331.61
331.63
331.63
331.70
331.70
331.76
331.78
331.78
331.82
331.84
331.84
331.91
331.93
331.93
331.93
332.00
332.05
332.06
332.10
332.22
332.22
332.24
332.24
332.28
332.30
332.32
332.33
332.35
332.35
332.35
332.35
332.40
332.45
332.45
332.45
332.45
332.49
332.55
332.59
332.59
332.59
332.62
332.62
332.67
332.70
332.74
332.74
332.75
332.81
332.83
332.86
332.88
332.89
332.91
332.95
332.99
332.99
333.00
333.00
333.03
333.04
333.05
333.09
333.09
333.10
333.12
333.13
333.16
333.18
333.18
333.19
333.43
333.43
333.43
333.43
333.43
333.43
333.43
333.43
333.43
333.43
333.43
333.43
333.43
333.44
333.44
333.44
333.44
333.44
333.44
333.44
333.55
333.60
333.76
333.76
333.76
333.79
333.82
333.82
333.85
333.85
333.90
333.95
334.07
334.09
334.13
334.22
334.23
334.23
334.25
334.26
334.29
334.29
334.30
334.36
334.41
334.44
334.44
334.44
334.47
334.48
334.54
334.54
334.54
334.54
334.55
334.56
334.57
334.59
334.65
334.65
334.72
334.75
334.80
334.80
334.80
334.85
334.88
334.90
334.92
334.93
334.98
334.98
335.10
335.12
335.16
335.21
335.22
335.22
335.22
335.22
335.22
335.22
335.23
335.23
335.32
335.38
335.38
335.43
335.46
335.46
335.48
335.48
335.50
335.56
335.56
335.56
335.56
335.56
335.56
335.58
335.62
335.70
335.73
335.76
335.77
335.77
335.77
335.77
335.81
335.89
335.90
335.95
335.96
335.96
335.98
336.04
336.04
336.04
336.04
336.04
336.10
336.14
336.18
336.19
336.25
336.30
336.37
336.43
336.49
336.50
336.50
336.54
336.60
336.61
336.62
336.64
336.64
336.68
336.68
336.80
336.80
336.80
336.80
336.89
336.90
336.94
336.96
336.99
336.99
336.99
337.01
337.03
337.08
337.09
337.10
337.11
337.14
337.14
337.17
337.19
337.25
337.29
337.31
337.38
337.38
337.38
337.48
337.50
337.52
337.56
337.56
337.59
337.60
337.62
337.69
337.70
337.71
337.72
337.73
337.75
337.75
337.75
337.76
337.83
337.83
337.83
337.85
337.87
337.88
337.89
337.93
337.99
338.03
338.03
338.04
338.08
338.09
338.18
338.20
338.20
338.20
338.20
338.20
338.20
338.20
338.20
338.20
338.20
338.20
338.29
338.33
338.34
338.36
338.36
338.39
338.41
338.43
338.46
338.46
338.48
338.55
338.63
338.65
338.68
338.68
338.70
338.84
338.84
338.85
338.86
338.94
338.96
338.96
338.99
338.99
339.03
339.06
339.08
339.08
339.09
339.14
339.15
339.15
339.19
339.21
339.23
339.23
339.33
339.34
339.35
339.35
339.39
339.44
339.44
339.44
339.44
339.44
339.57
339.58
339.59
339.62
339.62
339.62
339.65
339.68
339.68
339.70
339.72
339.73
339.77
339.78
339.86
339.93
339.93
339.97
340.02
340.02
340.02
340.11
340.12
340.12
340.17
340.20
340.22
340.23
340.24
340.25
340.35
340.35
340.40
340.41
340.44
340.51
340.56
340.62
340.62
340.62
340.63
340.64
340.66
340.69
340.71
340.73
340.75
340.77
340.77
340.80
340.82
340.82
340.87
340.91
340.91
340.91
340.97
340.98
341.03
341.03
341.08
341.16
341.19
341.19
341.22
341.22
341.24
341.27
341.28
341.33
341.33
341.56
341.56
341.56
341.57
341.57
341.57
341.57
341.57
341.57
341.57
341.57
341.57
341.57
341.57
341.57
341.57
341.57
341.79
341.86
341.88
341.88
341.91
341.91
341.92
341.93
341.94
341.94
341.95
341.97
342.03
342.05
342.07
342.07
342.10
342.12
342.12
342.22
342.25
342.26
342.26
342.26
342.30
342.33
342.35
342.35
342.35
342.35
342.39
342.39
342.44
342.47
342.47
342.47
342.47
342.47
342.51
342.53
342.55
342.55
342.55
342.55
342.55
342.57
342.61
342.67
342.69
342.79
342.80
342.80
342.82
342.83
342.86
342.90
342.90
342.90
342.96
342.96
342.96
342.98
343.01
343.01
343.02
343.07
343.07
343.11
343.12
343.12
343.14
343.14
343.14
343.16
343.18
343.20
343.22
343.24
343.24
343.26
343.30
343.30
343.30
343.43
343.47
343.47
343.53
343.54
343.56
343.61
343.61
343.61
343.61
343.61
343.63
343.64
343.66
343.72
343.72
343.77
343.83
343.87
343.95
344.05
344.05
344.05
344.06
344.13
344.13
344.21
344.27
344.29
344.29
344.32
344.36
344.48
344.48
344.48
344.48
344.52
344.52
344.54
344.60
344.62
344.67
344.67
344.74
344.74
344.75
344.77
344.82
344.83
344.83
344.89
344.93
344.95
344.99
345.03
345.06
345.07
345.07
345.07
345.07
345.10
345.11
345.15
345.16
345.17
345.23
345.23
345.23
345.26
345.30
345.38
345.38
345.38
345.45
345.47
345.58
345.65
345.68
345.70
345.81
345.82
345.84
345.84
345.88
345.89
345.90
345.96
345.96
345.96
345.96
345.96
345.96
345.96
345.96
345.96
345.96
345.96
345.96
346.02
346.10
346.10
346.10
346.15
346.26
346.26
346.29
346.29
346.34
346.35
346.43
346.43
346.43
346.50
346.52
346.55
346.58
346.61
346.61
346.61
346.65
346.65
346.65
346.68
346.72
346.75
346.76
346.89
346.90
346.93
346.94
347.01
347.01
347.03
347.05
347.05
347.06
347.06
347.07
347.11
347.11
347.13
347.13
347.20
347.20
347.20
347.20
347.21
347.22
347.24
347.25
347.28
347.28
347.28
347.29
347.32
347.32
347.32
347.35
347.47
347.47
347.47
347.47
347.51
347.55
347.55
347.59
347.59
347.59
347.62
347.62
347.62
347.66
347.68
347.69
347.71
347.74
347.74
347.76
347.78
347.80
347.80
347.85
347.91
347.91
347.91
347.91
347.91
347.93
347.93
347.96
347.97
347.97
347.99
347.99
348.03
348.06
348.06
348.11
348.11
348.15
348.18
348.19
348.19
348.20
348.23
348.23
348.27
348.31
348.31
348.37
348.39
348.44
348.47
348.48
348.49
348.50
348.52
348.52
348.52
348.52
348.53
348.57
348.57
348.58
348.69
348.69
348.69
348.69
348.69
348.69
348.69
348.69
348.77
348.79
348.82
348.84
348.84
348.87
348.89
348.93
348.96
348.96
349.00
349.00
349.01
349.02
349.05
349.05
349.05
349.05
349.07
349.08
349.11
349.11
349.11
349.15
349.16
349.18
349.18
349.22
349.22
349.22
349.22
349.22
349.22
349.23
349.24
349.26
349.28
349.30
349.31
349.32
349.33
349.38
349.38
349.38
349.38
349.38
349.46
349.46
349.51
349.51
349.51
349.53
349.54
349.56
349.63
349.65
349.65
349.69
349.69
349.70
349.70
349.70
349.70
349.70
349.70
349.70
349.71
349.76
349.80
349.82
349.82
349.82
349.82
349.82
349.82
349.88
349.88
349.88
349.90
349.92
349.92
349.92
349.94
349.95
349.96
349.97
349.99
349.99
349.99
349.99
350.02
350.04
350.05
350.06
350.13
350.13
350.13
350.13
350.13
350.13
350.17
350.18
350.22
350.22
350.25
350.26
350.29
350.31
350.31
350.32
350.38
350.39
350.39
350.46
350.54
350.54
350.54
350.54
350.54
350.54
350.54
350.54
350.54
350.54
350.54
350.54
350.65
350.66
350.71
350.73
350.73
350.73
350.74
350.79
350.79
350.81
350.82
350.82
350.84
350.84
350.84
350.87
350.87
350.88
350.88
350.91
350.91
350.96
350.98
351.01
351.03
351.03
351.03
351.03
351.03
351.03
351.03
351.08
351.09
351.10
351.20
351.21
351.25
351.25
351.25
351.25
351.25
351.26
351.28
351.29
351.30
351.31
351.32
351.33
351.33
351.35
351.35
351.40
351.42
351.42
351.42
351.43
351.47
351.47
351.47
351.47
351.57
351.57
351.60
351.62
351.63
351.63
351.63
351.64
351.65
351.66
351.66
351.67
351.68
351.71
351.72
351.82
351.87
351.87
351.87
351.87
351.87
351.87
351.87
351.87
351.87
351.87
351.95
351.98
352.00
352.00
352.00
352.03
352.09
352.09
352.11
352.15
352.16
352.17
352.18
352.20
352.22
352.23
352.23
352.23
352.23
352.27
352.27
352.27
352.28
352.30
352.38
352.40
352.41
352.41
352.43
352.45
352.46
352.46
352.48
352.50
352.50
352.50
352.51
352.53
352.54
352.56
352.65
352.65
352.65
352.67
352.67
352.67
352.69
352.69
352.69
352.72
352.73
352.75
352.76
352.87
352.87
352.87
352.87
352.88
352.88
352.88
352.92
352.93
352.94
352.94
353.00
353.00
353.01
353.01
353.02
353.04
353.04
353.05
353.07
353.09
353.14
353.16
353.19
353.21
353.23
353.29
353.29
353.29
353.29
353.32
353.33
353.33
353.33
353.35
353.35
353.36
353.37
353.37
353.41
353.42
353.42
353.44
353.48
353.57
353.57
353.57
353.66
353.66
353.66
353.66
353.66
353.66
353.66
353.66
353.66
353.66
353.66
353.66
353.70
353.71
353.72
353.75
353.76
353.77
353.77
353.77
353.80
353.80
353.80
353.81
353.81
353.81
353.83
353.87
353.88
353.88
353.89
353.95
353.98
353.99
353.99
353.99
353.99
353.99
353.99
354.03
354.03
354.03
354.04
354.05
354.06
354.07
354.08
354.14
354.19
354.19
354.21
354.25
354.29
354.29
354.29
354.29
354.29
354.29
354.29
354.29
354.29
354.29
354.29
354.29
354.34
354.37
354.40
354.41
354.43
354.47
354.47
354.47
354.49
354.49
354.56
354.56
354.61
354.61
354.62
354.66
354.67
354.68
354.69
354.72
354.72
354.74
354.75
354.81
354.81
354.81
354.81
354.81
354.81
354.81
354.81
354.86
354.86
354.87
354.90
354.92
354.92
354.96
354.96
354.96
354.96
354.96
354.99
354.99
355.00
355.03
355.03
355.03
355.08
355.10
355.10
355.10
355.10
355.12
355.14
355.15
355.16
355.16
355.16
355.18
355.24
355.24
355.24
355.24
355.24
355.24
355.24
355.26
355.29
355.29
355.31
355.31
355.33
355.33
355.33
355.43
355.43
355.43
355.43
355.43
355.43
355.49
355.49
355.52
355.52
355.52
355.53
355.55
355.56
355.60
355.60
355.60
355.60
355.60
355.64
355.65
355.68
355.71
355.71
355.76
355.76
355.79
355.79
355.79
355.80
355.80
355.80
355.81
355.81
355.81
355.85
355.86
355.86
355.86
355.91
355.91
355.91
355.91
355.91
355.91
355.91
355.91
355.95
355.97
356.01
356.02
356.04
356.04
356.08
356.12
356.13
356.15
356.17
356.19
356.19
356.19
356.19
356.19
356.23
356.25
356.25
356.27
356.27
356.27
356.28
356.31
356.31
356.31
356.31
356.31
356.33
356.33
356.33
356.42
356.42
356.42
356.42
356.44
356.47
356.47
356.47
356.48
356.48
356.50
356.50
356.51
356.53
356.53
356.53
356.57
356.57
356.57
356.59
356.60
356.63
356.63
356.63
356.63
356.63
356.63
356.63
356.67
356.68
356.70
356.71
356.73
356.73
356.73
356.73
356.74
356.75
356.78
356.80
356.80
356.82
356.82
356.82
356.84
356.90
356.91
356.91
356.91
356.92
356.93
356.93
356.93
356.95
356.99
356.99
356.99
356.99
357.00
357.03
357.06
357.06
357.06
357.06
357.06
357.06
357.09
357.09
357.10
357.11
357.12
357.14
357.14
357.17
357.19
357.19
357.20
357.21
357.21
357.22
357.25
357.25
357.25
357.26
357.27
357.33
357.34
357.34
357.35
357.36
357.37
357.40
357.40
357.40
357.43
357.44
357.44
357.46
357.47
357.48
357.49
357.51
357.51
357.51
357.51
357.53
357.53
357.54
357.55
357.55
357.56
357.56
357.56
357.61
357.61
357.61
357.61
357.61
357.61
357.61
357.61
357.61
357.63
357.64
357.65
357.68
357.68
357.70
357.71
357.71
357.73
357.74
357.75
357.77
357.78
357.80
357.80
357.80
357.80
357.80
357.83
357.85
357.85
357.85
357.86
357.88
357.88
357.88
357.88
357.89
357.90
357.90
357.93
357.95
357.97
357.97
357.99
357.99
357.99
358.02
358.03
358.06
358.06
358.09
358.09
358.12
358.12
358.12
358.12
358.15
358.15
358.17
358.17
358.20
358.21
358.21
358.23
358.25
358.26
358.26
358.26
358.26
358.26
358.30
358.32
358.32
358.33
358.33
358.36
358.36
358.36
358.36
358.36
358.41
358.41
358.41
358.41
358.43
358.44
358.44
358.44
358.45
358.47
358.49
358.49
358.49
358.49
358.51
358.51
358.51
358.52
358.53
358.53
358.55
358.57
358.57
358.59
358.59
358.60
358.63
358.64
358.65
358.67
358.67
358.67
358.68
358.69
358.69
358.70
358.70
358.71
358.73
358.75
358.78
358.78
358.78
358.81
358.81
358.82
358.82
358.83
358.88
358.88
358.89
358.90
358.90
358.91
358.92
358.92
358.92
358.93
358.94
358.94
358.95
358.95
358.96
358.98
358.98
358.99
358.99
358.99
359.00
359.01
359.05
359.05
359.06
359.08
359.08
359.08
359.08
359.09
359.13
359.14
359.16
359.17
359.19
359.24
359.25
359.27
359.28
359.28
359.28
359.30
359.33
359.33
359.33
359.35
359.35
359.35
359.36
359.36
359.36
359.39
359.39
359.41
359.42
359.44
359.44
359.47
359.48
359.50
359.57
359.57
359.58
359.67
