   210.7    210.7     0.00008779
   210.7    421.4     0.00026338
   210.7    632.1     0.00027801
   210.7    842.8     0.00014632
   210.7   1053.5     0.00011706
   210.7   1264.2     0.00020485
   210.7   1474.8     0.00016096
   210.7   1685.5     0.00005853
   210.7   1896.2     0.00010243
   210.7   2106.9     0.00008779
   210.7   2317.6     0.00013169
   210.7   2528.3     0.00004390
   210.7   2739.0     0.00014632
   210.7   2949.7     0.00008779
   421.4    210.7     0.00000000
   421.4    421.4     0.00017559
   421.4    632.1     0.00019022
   421.4    842.8     0.00020485
   421.4   1053.5     0.00019022
   421.4   1264.2     0.00017559
   421.4   1474.8     0.00014632
   421.4   1685.5     0.00014632
   421.4   1896.2     0.00014632
   421.4   2106.9     0.00008779
   421.4   2317.6     0.00011706
   421.4   2528.3     0.00013169
   421.4   2739.0     0.00011706
   421.4   2949.7     0.00002926
   632.1    210.7     0.00002926
   632.1    421.4     0.00017559
   632.1    632.1     0.00013169
   632.1    842.8     0.00005853
   632.1   1053.5     0.00020485
   632.1   1264.2     0.00014632
   632.1   1474.8     0.00010243
   632.1   1685.5     0.00010243
   632.1   1896.2     0.00010243
   632.1   2106.9     0.00008779
   632.1   2317.6     0.00007316
   632.1   2528.3     0.00010243
   632.1   2739.0     0.00004390
   632.1   2949.7     0.00013169
   842.8    210.7     0.00016096
   842.8    421.4     0.00007316
   842.8    632.1     0.00013169
   842.8    842.8     0.00005853
   842.8   1053.5     0.00004390
   842.8   1264.2     0.00011706
   842.8   1474.8     0.00007316
   842.8   1685.5     0.00011706
   842.8   1896.2     0.00004390
   842.8   2106.9     0.00004390
   842.8   2317.6     0.00004390
   842.8   2528.3     0.00004390
   842.8   2739.0     0.00011706
   842.8   2949.7     0.00016096
  1053.5    210.7     0.00020485
  1053.5    421.4     0.00013169
  1053.5    632.1     0.00013169
  1053.5    842.8     0.00013169
  1053.5   1053.5     0.00013169
  1053.5   1264.2     0.00008779
  1053.5   1474.8     0.00019022
  1053.5   1685.5     0.00008779
  1053.5   1896.2     0.00011706
  1053.5   2106.9     0.00002926
  1053.5   2317.6     0.00007316
  1053.5   2528.3     0.00001463
  1053.5   2739.0     0.00002926
  1053.5   2949.7     0.00007316
  1264.2    210.7     0.00014632
  1264.2    421.4     0.00010243
  1264.2    632.1     0.00011706
  1264.2    842.8     0.00019022
  1264.2   1053.5     0.00016096
  1264.2   1264.2     0.00005853
  1264.2   1474.8     0.00011706
  1264.2   1685.5     0.00002926
  1264.2   1896.2     0.00008779
  1264.2   2106.9     0.00007316
  1264.2   2317.6     0.00005853
  1264.2   2528.3     0.00002926
  1264.2   2739.0     0.00004390
  1264.2   2949.7     0.00013169
  1474.8    210.7     0.00010243
  1474.8    421.4     0.00014632
  1474.8    632.1     0.00008779
  1474.8    842.8     0.00020485
  1474.8   1053.5     0.00019022
  1474.8   1264.2     0.00011706
  1474.8   1474.8     0.00010243
  1474.8   1685.5     0.00008779
  1474.8   1896.2     0.00007316
  1474.8   2106.9     0.00002926
  1474.8   2317.6     0.00005853
  1474.8   2528.3     0.00000000
  1474.8   2739.0     0.00002926
  1474.8   2949.7     0.00004390
  1685.5    210.7     0.00013169
  1685.5    421.4     0.00019022
  1685.5    632.1     0.00010243
  1685.5    842.8     0.00013169
  1685.5   1053.5     0.00019022
  1685.5   1264.2     0.00010243
  1685.5   1474.8     0.00019022
  1685.5   1685.5     0.00005853
  1685.5   1896.2     0.00007316
  1685.5   2106.9     0.00004390
  1685.5   2317.6     0.00004390
  1685.5   2528.3     0.00005853
  1685.5   2739.0     0.00002926
  1685.5   2949.7     0.00005853
  1896.2    210.7     0.00008779
  1896.2    421.4     0.00013169
  1896.2    632.1     0.00019022
  1896.2    842.8     0.00013169
  1896.2   1053.5     0.00008779
  1896.2   1264.2     0.00010243
  1896.2   1474.8     0.00011706
  1896.2   1685.5     0.00008779
  1896.2   1896.2     0.00004390
  1896.2   2106.9     0.00005853
  1896.2   2317.6     0.00002926
  1896.2   2528.3     0.00005853
  1896.2   2739.0     0.00011706
  1896.2   2949.7     0.00014632
  2106.9    210.7     0.00010243
  2106.9    421.4     0.00007316
  2106.9    632.1     0.00014632
  2106.9    842.8     0.00014632
  2106.9   1053.5     0.00011706
  2106.9   1264.2     0.00010243
  2106.9   1474.8     0.00010243
  2106.9   1685.5     0.00008779
  2106.9   1896.2     0.00005853
  2106.9   2106.9     0.00002926
  2106.9   2317.6     0.00005853
  2106.9   2528.3     0.00004390
  2106.9   2739.0     0.00002926
  2106.9   2949.7     0.00005853
  2317.6    210.7     0.00016096
  2317.6    421.4     0.00011706
  2317.6    632.1     0.00007316
  2317.6    842.8     0.00011706
  2317.6   1053.5     0.00010243
  2317.6   1264.2     0.00010243
  2317.6   1474.8     0.00011706
  2317.6   1685.5     0.00010243
  2317.6   1896.2     0.00002926
  2317.6   2106.9     0.00001463
  2317.6   2317.6     0.00010243
  2317.6   2528.3     0.00007316
  2317.6   2739.0     0.00004390
  2317.6   2949.7     0.00007316
  2528.3    210.7     0.00013169
  2528.3    421.4     0.00014632
  2528.3    632.1     0.00010243
  2528.3    842.8     0.00011706
  2528.3   1053.5     0.00011706
  2528.3   1264.2     0.00004390
  2528.3   1474.8     0.00007316
  2528.3   1685.5     0.00013169
  2528.3   1896.2     0.00011706
  2528.3   2106.9     0.00004390
  2528.3   2317.6     0.00007316
  2528.3   2528.3     0.00007316
  2528.3   2739.0     0.00001463
  2528.3   2949.7     0.00001463
