  0.21
  0.37
  0.38
  0.41
  0.44
  0.45
  0.46
  0.46
  0.47
  0.47
  0.48
  0.53
  0.54
  0.54
  0.56
  0.56
  0.57
  0.58
  0.59
  0.62
  0.65
  0.65
  0.66
  0.68
  0.68
  0.70
  0.70
  0.71
  0.76
  0.76
  0.76
  0.77
  0.77
  0.77
  0.77
  0.77
  0.80
  0.80
  0.81
  0.82
  0.83
  0.84
  0.84
  0.84
  0.85
  0.85
  0.86
  0.86
  0.87
  0.87
  0.87
  0.88
  0.89
  0.89
  0.89
  0.90
  0.90
  0.92
  0.92
  0.93
  0.94
  0.95
  0.96
  0.96
  0.99
  0.99
  0.99
  0.99
  0.99
  0.99
  1.01
  1.02
  1.02
  1.02
  1.03
  1.04
  1.04
  1.05
  1.06
  1.07
  1.07
  1.07
  1.08
  1.08
  1.09
  1.09
  1.09
  1.09
  1.10
  1.10
  1.12
  1.12
  1.12
  1.13
  1.13
  1.13
  1.14
  1.14
  1.14
  1.14
  1.15
  1.15
  1.15
  1.16
  1.16
  1.16
  1.16
  1.16
  1.16
  1.16
  1.17
  1.18
  1.19
  1.19
  1.19
  1.19
  1.19
  1.19
  1.20
  1.20
  1.21
  1.21
  1.22
  1.22
  1.22
  1.22
  1.23
  1.23
  1.23
  1.23
  1.23
  1.24
  1.25
  1.25
  1.25
  1.25
  1.26
  1.27
  1.27
  1.28
  1.28
  1.29
  1.29
  1.30
  1.30
  1.30
  1.30
  1.30
  1.30
  1.30
  1.32
  1.32
  1.33
  1.33
  1.33
  1.33
  1.34
  1.34
  1.34
  1.35
  1.35
  1.36
  1.37
  1.37
  1.37
  1.37
  1.38
  1.38
  1.39
  1.40
  1.40
  1.40
  1.40
  1.40
  1.40
  1.41
  1.41
  1.42
  1.43
  1.43
  1.43
  1.44
  1.44
  1.44
  1.44
  1.44
  1.44
  1.44
  1.44
  1.45
  1.45
  1.46
  1.46
  1.46
  1.46
  1.47
  1.47
  1.48
  1.48
  1.48
  1.49
  1.51
  1.51
  1.51
  1.51
  1.51
  1.51
  1.51
  1.51
  1.52
  1.52
  1.53
  1.53
  1.53
  1.54
  1.54
  1.54
  1.55
  1.55
  1.55
  1.55
  1.56
  1.56
  1.56
  1.56
  1.56
  1.57
  1.57
  1.57
  1.57
  1.57
  1.57
  1.58
  1.58
  1.59
  1.59
  1.59
  1.59
  1.59
  1.59
  1.59
  1.60
  1.60
  1.61
  1.61
  1.61
  1.61
  1.61
  1.62
  1.62
  1.63
  1.63
  1.63
  1.63
  1.63
  1.64
  1.64
  1.64
  1.64
  1.64
  1.64
  1.65
  1.65
  1.66
  1.66
  1.66
  1.67
  1.67
  1.67
  1.67
  1.68
  1.68
  1.69
  1.69
  1.70
  1.70
  1.70
  1.70
  1.70
  1.70
  1.70
  1.71
  1.71
  1.71
  1.71
  1.71
  1.72
  1.72
  1.72
  1.72
  1.72
  1.72
  1.72
  1.73
  1.73
  1.73
  1.74
  1.74
  1.74
  1.74
  1.74
  1.74
  1.74
  1.74
  1.74
  1.75
  1.75
  1.75
  1.75
  1.75
  1.76
  1.76
  1.77
  1.77
  1.77
  1.77
  1.77
  1.78
  1.78
  1.78
  1.80
  1.80
  1.81
  1.81
  1.81
  1.81
  1.82
  1.82
  1.82
  1.82
  1.83
  1.83
  1.84
  1.84
  1.84
  1.84
  1.84
  1.84
  1.84
  1.85
  1.85
  1.85
  1.86
  1.86
  1.86
  1.86
  1.86
  1.87
  1.87
  1.87
  1.88
  1.88
  1.88
  1.88
  1.89
  1.89
  1.89
  1.89
  1.89
  1.89
  1.89
  1.89
  1.90
  1.90
  1.91
  1.91
  1.92
  1.92
  1.92
  1.92
  1.92
  1.93
  1.93
  1.93
  1.93
  1.93
  1.93
  1.93
  1.94
  1.94
  1.94
  1.94
  1.95
  1.95
  1.95
  1.96
  1.96
  1.96
  1.96
  1.97
  1.97
  1.97
  1.97
  1.98
  1.98
  1.99
  1.99
  1.99
  1.99
  1.99
  1.99
  2.00
  2.00
  2.01
  2.01
  2.02
  2.02
  2.02
  2.02
  2.03
  2.03
  2.04
  2.04
  2.04
  2.04
  2.05
  2.05
  2.05
  2.06
  2.06
  2.06
  2.06
  2.07
  2.07
  2.07
  2.07
  2.07
  2.07
  2.07
  2.08
  2.09
  2.10
  2.10
  2.10
  2.10
  2.10
  2.10
  2.10
  2.11
  2.11
  2.12
  2.12
  2.12
  2.13
  2.13
  2.13
  2.13
  2.13
  2.13
  2.14
  2.14
  2.14
  2.14
  2.14
  2.14
  2.15
  2.15
  2.15
  2.15
  2.15
  2.16
  2.16
  2.16
  2.16
  2.16
  2.17
  2.17
  2.18
  2.18
  2.18
  2.18
  2.18
  2.18
  2.19
  2.21
  2.21
  2.21
  2.21
  2.21
  2.21
  2.21
  2.21
  2.22
  2.22
  2.22
  2.22
  2.22
  2.22
  2.22
  2.22
  2.23
  2.23
  2.24
  2.24
  2.24
  2.24
  2.24
  2.24
  2.24
  2.25
  2.25
  2.25
  2.25
  2.25
  2.26
  2.26
  2.27
  2.27
  2.27
  2.27
  2.27
  2.27
  2.28
  2.28
  2.28
  2.28
  2.28
  2.29
  2.29
  2.29
  2.30
  2.30
  2.30
  2.30
  2.31
  2.31
  2.31
  2.31
  2.32
  2.32
  2.32
  2.32
  2.32
  2.33
  2.33
  2.33
  2.34
  2.34
  2.34
  2.34
  2.34
  2.34
  2.34
  2.34
  2.35
  2.35
  2.35
  2.36
  2.36
  2.36
  2.37
  2.37
  2.37
  2.37
  2.37
  2.37
  2.37
  2.37
  2.37
  2.38
  2.38
  2.38
  2.38
  2.38
  2.38
  2.38
  2.38
  2.38
  2.38
  2.38
  2.39
  2.39
  2.39
  2.39
  2.39
  2.39
  2.39
  2.39
  2.39
  2.39
  2.40
  2.40
  2.40
  2.40
  2.40
  2.40
  2.41
  2.41
  2.41
  2.41
  2.41
  2.41
  2.41
  2.41
  2.42
  2.42
  2.42
  2.43
  2.43
  2.43
  2.43
  2.44
  2.44
  2.44
  2.44
  2.45
  2.45
  2.46
  2.46
  2.46
  2.46
  2.47
  2.47
  2.47
  2.47
  2.47
  2.47
  2.48
  2.48
  2.48
  2.48
  2.48
  2.50
  2.50
  2.50
  2.50
  2.50
  2.50
  2.50
  2.51
  2.51
  2.51
  2.52
  2.52
  2.52
  2.52
  2.52
  2.53
  2.53
  2.53
  2.53
  2.53
  2.53
  2.54
  2.54
  2.54
  2.54
  2.55
  2.55
  2.55
  2.55
  2.55
  2.56
  2.56
  2.56
  2.56
  2.56
  2.56
  2.56
  2.56
  2.57
  2.57
  2.58
  2.58
  2.58
  2.58
  2.58
  2.58
  2.59
  2.59
  2.59
  2.59
  2.59
  2.59
  2.59
  2.59
  2.59
  2.60
  2.60
  2.60
  2.60
  2.60
  2.61
  2.61
  2.61
  2.61
  2.62
  2.62
  2.62
  2.62
  2.63
  2.63
  2.63
  2.64
  2.64
  2.65
  2.65
  2.66
  2.66
  2.66
  2.66
  2.66
  2.66
  2.66
  2.66
  2.66
  2.67
  2.67
  2.67
  2.67
  2.67
  2.67
  2.67
  2.67
  2.68
  2.68
  2.68
  2.68
  2.69
  2.69
  2.69
  2.69
  2.69
  2.70
  2.70
  2.70
  2.70
  2.70
  2.70
  2.70
  2.70
  2.71
  2.71
  2.71
  2.72
  2.72
  2.72
  2.72
  2.72
  2.72
  2.73
  2.73
  2.73
  2.73
  2.73
  2.73
  2.73
  2.73
  2.73
  2.74
  2.74
  2.74
  2.75
  2.75
  2.75
  2.75
  2.75
  2.75
  2.75
  2.76
  2.76
  2.76
  2.76
  2.76
  2.76
  2.76
  2.77
  2.77
  2.77
  2.78
  2.78
  2.78
  2.78
  2.78
  2.78
  2.78
  2.78
  2.79
  2.79
  2.79
  2.80
  2.80
  2.80
  2.81
  2.81
  2.81
  2.81
  2.81
  2.81
  2.81
  2.82
  2.82
  2.83
  2.83
  2.84
  2.84
  2.84
  2.84
  2.84
  2.85
  2.85
  2.85
  2.85
  2.86
  2.86
  2.86
  2.86
  2.86
  2.86
  2.87
  2.87
  2.87
  2.88
  2.88
  2.88
  2.89
  2.89
  2.89
  2.89
  2.89
  2.89
  2.90
  2.90
  2.90
  2.90
  2.90
  2.90
  2.90
  2.90
  2.91
  2.91
  2.91
  2.91
  2.91
  2.91
  2.91
  2.91
  2.91
  2.91
  2.92
  2.92
  2.92
  2.92
  2.92
  2.92
  2.93
  2.93
  2.93
  2.93
  2.94
  2.94
  2.94
  2.94
  2.95
  2.95
  2.96
  2.96
  2.96
  2.96
  2.96
  2.96
  2.96
  2.96
  2.96
  2.96
  2.96
  2.96
  2.96
  2.96
  2.96
  2.97
  2.97
  2.97
  2.97
  2.97
  2.97
  2.97
  2.98
  2.99
  2.99
  2.99
  2.99
  2.99
  3.00
  3.00
  3.00
  3.00
  3.00
  3.00
  3.01
  3.01
  3.01
  3.02
  3.02
  3.02
  3.02
  3.02
  3.03
  3.03
  3.03
  3.03
  3.03
  3.03
  3.04
  3.04
  3.04
  3.04
  3.05
  3.05
  3.05
  3.06
  3.06
  3.06
  3.06
  3.06
  3.06
  3.07
  3.07
  3.07
  3.07
  3.07
  3.07
  3.07
  3.08
  3.08
  3.08
  3.08
  3.08
  3.08
  3.08
  3.08
  3.08
  3.08
  3.08
  3.08
  3.09
  3.10
  3.10
  3.10
  3.10
  3.10
  3.10
  3.10
  3.11
  3.11
  3.11
  3.11
  3.12
  3.12
  3.12
  3.13
  3.13
  3.13
  3.13
  3.13
  3.13
  3.14
  3.14
  3.14
  3.14
  3.14
  3.14
  3.15
  3.15
  3.16
  3.16
  3.16
  3.17
  3.17
  3.17
  3.17
  3.17
  3.18
  3.18
  3.18
  3.18
  3.18
  3.18
  3.18
  3.18
  3.18
  3.18
  3.19
  3.19
  3.19
  3.20
  3.20
  3.20
  3.20
  3.20
  3.21
  3.21
  3.21
  3.21
  3.22
  3.22
  3.22
  3.22
  3.22
  3.22
  3.22
  3.22
  3.22
  3.23
  3.23
  3.23
  3.23
  3.24
  3.24
  3.24
  3.24
  3.24
  3.24
  3.25
  3.25
  3.25
  3.25
  3.25
  3.25
  3.25
  3.26
  3.26
  3.26
  3.26
  3.26
  3.27
  3.27
  3.27
  3.27
  3.27
  3.27
  3.27
  3.27
  3.27
  3.27
  3.27
  3.28
  3.28
  3.28
  3.28
  3.28
  3.29
  3.29
  3.29
  3.29
  3.30
  3.31
  3.31
  3.31
  3.31
  3.31
  3.31
  3.31
  3.31
  3.31
  3.31
  3.31
  3.31
  3.32
  3.32
  3.32
  3.33
  3.33
  3.33
  3.34
  3.34
  3.35
  3.35
  3.35
  3.35
  3.35
  3.35
  3.35
  3.35
  3.35
  3.35
  3.35
  3.36
  3.36
  3.37
  3.37
  3.37
  3.37
  3.37
  3.38
  3.38
  3.38
  3.38
  3.39
  3.39
  3.39
  3.39
  3.39
  3.39
  3.39
  3.39
  3.40
  3.40
  3.40
  3.41
  3.41
  3.41
  3.41
  3.42
  3.43
  3.43
  3.43
  3.43
  3.43
  3.43
  3.44
  3.44
  3.44
  3.44
  3.44
  3.44
  3.44
  3.44
  3.44
  3.44
  3.44
  3.45
  3.45
  3.45
  3.45
  3.46
  3.46
  3.46
  3.46
  3.46
  3.46
  3.46
  3.47
  3.47
  3.47
  3.48
  3.48
  3.48
  3.48
  3.48
  3.48
  3.48
  3.48
  3.49
  3.49
  3.49
  3.49
  3.50
  3.50
  3.50
  3.50
  3.50
  3.51
  3.51
  3.51
  3.51
  3.51
  3.52
  3.52
  3.53
  3.53
  3.53
  3.53
  3.54
  3.54
  3.54
  3.54
  3.55
  3.55
  3.55
  3.55
  3.55
  3.55
  3.55
  3.55
  3.56
  3.56
  3.56
  3.56
  3.57
  3.57
  3.57
  3.57
  3.57
  3.58
  3.59
  3.59
  3.59
  3.60
  3.60
  3.60
  3.60
  3.60
  3.60
  3.60
  3.60
  3.61
  3.61
  3.61
  3.61
  3.61
  3.61
  3.61
  3.61
  3.61
  3.62
  3.62
  3.62
  3.63
  3.64
  3.64
  3.64
  3.64
  3.64
  3.64
  3.64
  3.64
  3.64
  3.64
  3.65
  3.65
  3.65
  3.65
  3.65
  3.65
  3.66
  3.66
  3.66
  3.66
  3.66
  3.67
  3.67
  3.67
  3.67
  3.67
  3.67
  3.67
  3.67
  3.67
  3.68
  3.68
  3.68
  3.68
  3.68
  3.68
  3.68
  3.69
  3.69
  3.69
  3.69
  3.70
  3.70
  3.70
  3.70
  3.70
  3.70
  3.70
  3.71
  3.71
  3.71
  3.71
  3.71
  3.71
  3.71
  3.72
  3.72
  3.72
  3.72
  3.72
  3.72
  3.73
  3.73
  3.74
  3.74
  3.74
  3.74
  3.74
  3.74
  3.74
  3.74
  3.74
  3.74
  3.74
  3.74
  3.74
  3.74
  3.74
  3.74
  3.74
  3.75
  3.75
  3.76
  3.76
  3.76
  3.76
  3.77
  3.77
  3.77
  3.77
  3.77
  3.78
  3.78
  3.78
  3.78
  3.78
  3.78
  3.78
  3.78
  3.79
  3.79
  3.79
  3.79
  3.79
  3.80
  3.80
  3.80
  3.80
  3.81
  3.81
  3.81
  3.81
  3.81
  3.83
  3.84
  3.84
  3.84
  3.84
  3.84
  3.85
  3.85
  3.85
  3.85
  3.85
  3.85
  3.85
  3.86
  3.86
  3.87
  3.87
  3.88
  3.88
  3.88
  3.88
  3.89
  3.90
  3.90
  3.91
  3.92
  3.92
  3.92
  3.92
  3.93
  3.93
  3.93
  3.93
  3.93
  3.93
  3.93
  3.93
  3.93
  3.93
  3.93
  3.93
  3.94
  3.95
  3.95
  3.95
  3.95
  3.95
  3.96
  3.96
  3.96
  3.96
  3.97
  3.97
  3.97
  3.97
  3.97
  3.97
  3.98
  3.98
  3.98
  3.99
  4.00
  4.00
  4.00
  4.00
  4.00
  4.00
  4.01
  4.01
  4.01
  4.01
  4.01
  4.02
  4.02
  4.03
  4.03
  4.03
  4.03
  4.03
  4.03
  4.03
  4.04
  4.04
  4.04
  4.04
  4.04
  4.04
  4.05
  4.05
  4.05
  4.06
  4.07
  4.07
  4.08
  4.08
  4.08
  4.09
  4.09
  4.09
  4.10
  4.10
  4.10
  4.11
  4.11
  4.11
  4.11
  4.11
  4.11
  4.12
  4.12
  4.12
  4.12
  4.12
  4.12
  4.13
  4.13
  4.13
  4.13
  4.13
  4.13
  4.14
  4.14
  4.15
  4.15
  4.15
  4.15
  4.16
  4.16
  4.17
  4.17
  4.18
  4.18
  4.18
  4.18
  4.18
  4.18
  4.18
  4.19
  4.19
  4.20
  4.21
  4.22
  4.23
  4.23
  4.23
  4.23
  4.23
  4.23
  4.23
  4.24
  4.24
  4.24
  4.24
  4.25
  4.25
  4.25
  4.25
  4.26
  4.26
  4.26
  4.26
  4.26
  4.26
  4.26
  4.26
  4.26
  4.26
  4.26
  4.27
  4.27
  4.27
  4.27
  4.27
  4.27
  4.27
  4.27
  4.28
  4.29
  4.29
  4.29
  4.29
  4.30
  4.30
  4.30
  4.31
  4.31
  4.31
  4.31
  4.31
  4.31
  4.31
  4.32
  4.32
  4.32
  4.32
  4.32
  4.32
  4.33
  4.34
  4.34
  4.34
  4.34
  4.34
  4.34
  4.34
  4.34
  4.35
  4.35
  4.35
  4.36
  4.36
  4.36
  4.36
  4.36
  4.36
  4.37
  4.37
  4.38
  4.38
  4.38
  4.38
  4.38
  4.39
  4.40
  4.40
  4.40
  4.41
  4.41
  4.41
  4.42
  4.42
  4.42
  4.43
  4.43
  4.43
  4.43
  4.43
  4.43
  4.43
  4.44
  4.44
  4.44
  4.44
  4.44
  4.45
  4.46
  4.46
  4.46
  4.46
  4.48
  4.48
  4.49
  4.49
  4.49
  4.49
  4.49
  4.49
  4.50
  4.50
  4.50
  4.50
  4.50
  4.50
  4.50
  4.51
  4.51
  4.52
  4.52
  4.52
  4.52
  4.52
  4.52
  4.52
  4.52
  4.53
  4.53
  4.54
  4.54
  4.54
  4.55
  4.55
  4.55
  4.55
  4.55
  4.55
  4.55
  4.55
  4.56
  4.56
  4.56
  4.56
  4.56
  4.56
  4.56
  4.57
  4.57
  4.57
  4.59
  4.60
  4.60
  4.60
  4.60
  4.60
  4.61
  4.61
  4.61
  4.61
  4.62
  4.62
  4.62
  4.62
  4.63
  4.63
  4.63
  4.63
  4.63
  4.64
  4.65
  4.65
  4.66
  4.67
  4.67
  4.69
  4.69
  4.69
  4.70
  4.70
  4.71
  4.71
  4.71
  4.71
  4.71
  4.72
  4.73
  4.73
  4.73
  4.73
  4.73
  4.73
  4.74
  4.74
  4.74
  4.75
  4.76
  4.76
  4.76
  4.77
  4.77
  4.77
  4.77
  4.77
  4.77
  4.77
  4.77
  4.78
  4.78
  4.79
  4.79
  4.79
  4.79
  4.79
  4.79
  4.79
  4.79
  4.80
  4.80
  4.82
  4.82
  4.82
  4.83
  4.83
  4.83
  4.83
  4.83
  4.83
  4.84
  4.84
  4.85
  4.85
  4.85
  4.86
  4.86
  4.86
  4.88
  4.88
  4.88
  4.88
  4.88
  4.88
  4.88
  4.89
  4.90
  4.90
  4.90
  4.91
  4.92
  4.92
  4.92
  4.92
  4.94
  4.94
  4.94
  4.94
  4.94
  4.94
  4.95
  4.95
  4.95
  4.95
  4.95
  4.96
  4.96
  4.97
  4.98
  4.98
  4.98
  4.99
  4.99
  4.99
  5.00
  5.01
  5.01
  5.02
  5.02
  5.02
  5.02
  5.02
  5.02
  5.03
  5.03
  5.03
  5.03
  5.03
  5.04
  5.04
  5.05
  5.05
  5.06
  5.06
  5.07
  5.07
  5.08
  5.08
  5.08
  5.08
  5.08
  5.08
  5.08
  5.08
  5.09
  5.09
  5.09
  5.09
  5.11
  5.11
  5.11
  5.11
  5.12
  5.12
  5.12
  5.12
  5.13
  5.13
  5.13
  5.13
  5.13
  5.13
  5.14
  5.15
  5.15
  5.16
  5.16
  5.16
  5.16
  5.17
  5.18
  5.19
  5.19
  5.20
  5.20
  5.20
  5.20
  5.20
  5.20
  5.21
  5.21
  5.21
  5.21
  5.21
  5.21
  5.21
  5.21
  5.21
  5.21
  5.22
  5.22
  5.22
  5.22
  5.22
  5.22
  5.24
  5.24
  5.24
  5.24
  5.25
  5.25
  5.25
  5.26
  5.26
  5.27
  5.27
  5.28
  5.29
  5.29
  5.29
  5.29
  5.29
  5.29
  5.29
  5.30
  5.30
  5.31
  5.32
  5.32
  5.32
  5.32
  5.32
  5.32
  5.32
  5.32
  5.32
  5.32
  5.32
  5.32
  5.32
  5.32
  5.33
  5.33
  5.34
  5.34
  5.35
  5.35
  5.35
  5.35
  5.35
  5.35
  5.35
  5.35
  5.36
  5.37
  5.37
  5.37
  5.37
  5.38
  5.39
  5.39
  5.39
  5.39
  5.39
  5.41
  5.42
  5.43
  5.43
  5.43
  5.44
  5.44
  5.44
  5.45
  5.45
  5.45
  5.45
  5.45
  5.45
  5.45
  5.45
  5.46
  5.46
  5.47
  5.47
  5.47
  5.49
  5.49
  5.50
  5.50
  5.50
  5.51
  5.52
  5.52
  5.52
  5.52
  5.52
  5.53
  5.53
  5.56
  5.56
  5.56
  5.56
  5.56
  5.56
  5.56
  5.56
  5.56
  5.56
  5.56
  5.56
  5.57
  5.57
  5.58
  5.58
  5.58
  5.58
  5.58
  5.58
  5.58
  5.58
  5.58
  5.58
  5.60
  5.60
  5.60
  5.61
  5.62
  5.62
  5.63
  5.63
  5.63
  5.64
  5.64
  5.65
  5.65
  5.65
  5.65
  5.66
  5.66
  5.67
  5.68
  5.68
  5.68
  5.69
  5.69
  5.69
  5.69
  5.70
  5.70
  5.70
  5.70
  5.70
  5.70
  5.71
  5.71
  5.71
  5.71
  5.71
  5.71
  5.72
  5.72
  5.72
  5.72
  5.72
  5.72
  5.73
  5.74
  5.74
  5.74
  5.75
  5.76
  5.77
  5.77
  5.77
  5.78
  5.79
  5.80
  5.80
  5.80
  5.80
  5.80
  5.80
  5.80
  5.80
  5.81
  5.81
  5.81
  5.82
  5.82
  5.82
  5.82
  5.82
  5.82
  5.82
  5.82
  5.83
  5.83
  5.84
  5.84
  5.84
  5.84
  5.84
  5.84
  5.84
  5.84
  5.84
  5.85
  5.85
  5.85
  5.85
  5.85
  5.87
  5.87
  5.87
  5.89
  5.90
  5.90
  5.91
  5.91
  5.91
  5.91
  5.91
  5.91
  5.91
  5.91
  5.91
  5.91
  5.91
  5.91
  5.91
  5.94
  5.94
  5.94
  5.96
  5.96
  5.96
  5.97
  5.97
  5.97
  5.97
  5.97
  5.97
  5.99
  5.99
  5.99
  6.00
  6.00
  6.01
  6.02
  6.02
  6.02
  6.02
  6.03
  6.03
  6.03
  6.03
  6.03
  6.03
  6.03
  6.04
  6.04
  6.04
  6.05
  6.05
  6.08
  6.08
  6.09
  6.09
  6.09
  6.09
  6.09
  6.10
  6.10
  6.10
  6.10
  6.10
  6.11
  6.11
  6.11
  6.11
  6.11
  6.11
  6.12
  6.13
  6.13
  6.13
  6.13
  6.13
  6.13
  6.13
  6.14
  6.15
  6.15
  6.15
  6.17
  6.17
  6.17
  6.17
  6.17
  6.18
  6.19
  6.19
  6.19
  6.19
  6.19
  6.19
  6.19
  6.19
  6.19
  6.19
  6.19
  6.19
  6.19
  6.19
  6.19
  6.21
  6.22
  6.22
  6.23
  6.23
  6.24
  6.24
  6.25
  6.25
  6.26
  6.26
  6.28
  6.28
  6.28
  6.28
  6.28
  6.28
  6.29
  6.29
  6.29
  6.29
  6.29
  6.30
  6.30
  6.30
  6.31
  6.31
  6.31
  6.32
  6.32
  6.32
  6.32
  6.32
  6.33
  6.33
  6.34
  6.34
  6.35
  6.35
  6.35
  6.35
  6.35
  6.35
  6.35
  6.35
  6.35
  6.36
  6.36
  6.36
  6.36
  6.36
  6.36
  6.36
  6.37
  6.37
  6.37
  6.37
  6.37
  6.37
  6.37
  6.37
  6.37
  6.38
  6.39
  6.39
  6.39
  6.39
  6.40
  6.42
  6.42
  6.43
  6.43
  6.43
  6.43
  6.43
  6.43
  6.43
  6.43
  6.43
  6.43
  6.43
  6.43
  6.43
  6.43
  6.43
  6.43
  6.45
  6.45
  6.46
  6.46
  6.46
  6.46
  6.46
  6.48
  6.48
  6.48
  6.49
  6.50
  6.52
  6.52
  6.53
  6.53
  6.53
  6.53
  6.54
  6.54
  6.54
  6.54
  6.54
  6.57
  6.57
  6.58
  6.59
  6.60
  6.61
  6.61
  6.61
  6.62
  6.62
  6.62
  6.62
  6.62
  6.62
  6.63
  6.63
  6.63
  6.63
  6.63
  6.63
  6.63
  6.63
  6.63
  6.63
  6.63
  6.63
  6.63
  6.63
  6.64
  6.65
  6.66
  6.68
  6.68
  6.69
  6.69
  6.69
  6.70
  6.72
  6.73
  6.73
  6.73
  6.73
  6.74
  6.74
  6.74
  6.77
  6.78
  6.80
  6.80
  6.80
  6.80
  6.81
  6.82
  6.82
  6.83
  6.85
  6.86
  6.87
  6.88
  6.88
  6.88
  6.88
  6.88
  6.88
  6.88
  6.88
  6.90
  6.90
  6.90
  6.90
  6.90
  6.90
  6.91
  6.92
  6.92
  6.92
  6.92
  6.92
  6.94
  6.94
  6.94
  6.94
  6.95
  6.95
  6.95
  6.96
  6.96
  6.96
  6.96
  6.96
  6.96
  6.96
  6.98
  6.98
  6.98
  6.99
  6.99
  7.00
  7.00
  7.00
  7.00
  7.00
  7.00
  7.00
  7.01
  7.01
  7.02
  7.02
  7.02
  7.03
  7.04
  7.04
  7.06
  7.06
  7.06
  7.07
  7.09
  7.10
  7.10
  7.10
  7.10
  7.11
  7.11
  7.12
  7.12
  7.12
  7.14
  7.14
  7.14
  7.15
  7.16
  7.16
  7.17
  7.18
  7.18
  7.18
  7.18
  7.18
  7.19
  7.19
  7.19
  7.19
  7.19
  7.19
  7.19
  7.19
  7.22
  7.22
  7.22
  7.22
  7.22
  7.23
  7.25
  7.25
  7.26
  7.26
  7.28
  7.28
  7.29
  7.29
  7.31
  7.31
  7.31
  7.32
  7.33
  7.33
  7.34
  7.35
  7.35
  7.35
  7.35
  7.35
  7.35
  7.35
  7.37
  7.37
  7.37
  7.37
  7.37
  7.38
  7.39
  7.39
  7.39
  7.39
  7.40
  7.41
  7.41
  7.41
  7.41
  7.41
  7.41
  7.41
  7.42
  7.42
  7.42
  7.42
  7.42
  7.42
  7.42
  7.42
  7.42
  7.42
  7.42
  7.43
  7.43
  7.44
  7.45
  7.45
  7.45
  7.45
  7.46
  7.46
  7.47
  7.47
  7.48
  7.48
  7.48
  7.48
  7.48
  7.48
  7.48
  7.48
  7.48
  7.48
  7.48
  7.49
  7.49
  7.49
  7.49
  7.50
  7.50
  7.52
  7.52
  7.52
  7.53
  7.53
  7.53
  7.53
  7.54
  7.57
  7.57
  7.57
  7.57
  7.57
  7.57
  7.57
  7.58
  7.59
  7.60
  7.61
  7.61
  7.61
  7.62
  7.63
  7.63
  7.63
  7.63
  7.63
  7.63
  7.63
  7.63
  7.66
  7.67
  7.67
  7.68
  7.68
  7.68
  7.69
  7.69
  7.70
  7.70
  7.70
  7.70
  7.70
  7.70
  7.71
  7.71
  7.71
  7.71
  7.74
  7.74
  7.75
  7.76
  7.76
  7.78
  7.78
  7.80
  7.81
  7.81
  7.81
  7.83
  7.83
  7.86
  7.86
  7.86
  7.86
  7.88
  7.89
  7.89
  7.89
  7.91
  7.92
  7.92
  7.92
  7.93
  7.93
  7.93
  7.93
  7.93
  7.94
  7.94
  7.94
  7.94
  7.94
  7.94
  7.94
  7.95
  7.95
  7.95
  7.96
  7.97
  7.97
  7.97
  7.99
  7.99
  8.00
  8.00
  8.00
  8.00
  8.00
  8.00
  8.00
  8.01
  8.03
  8.04
  8.04
  8.04
  8.04
  8.04
  8.06
  8.06
  8.07
  8.07
  8.07
  8.07
  8.07
  8.07
  8.09
  8.09
  8.09
  8.09
  8.10
  8.11
  8.11
  8.11
  8.15
  8.16
  8.19
  8.19
  8.20
  8.20
  8.20
  8.20
  8.21
  8.21
  8.21
  8.21
  8.21
  8.21
  8.21
  8.22
  8.22
  8.24
  8.25
  8.25
  8.26
  8.26
  8.26
  8.26
  8.27
  8.28
  8.30
  8.30
  8.30
  8.30
  8.30
  8.32
  8.32
  8.33
  8.35
  8.35
  8.35
  8.35
  8.36
  8.36
  8.36
  8.36
  8.36
  8.36
  8.36
  8.38
  8.39
  8.40
  8.40
  8.40
  8.40
  8.41
  8.41
  8.41
  8.43
  8.45
  8.46
  8.46
  8.47
  8.47
  8.47
  8.48
  8.48
  8.48
  8.50
  8.51
  8.51
  8.51
  8.52
  8.52
  8.52
  8.52
  8.53
  8.53
  8.53
  8.53
  8.53
  8.53
  8.53
  8.53
  8.54
  8.54
  8.54
  8.54
  8.55
  8.55
  8.56
  8.56
  8.56
  8.57
  8.58
  8.58
  8.59
  8.60
  8.61
  8.61
  8.61
  8.61
  8.61
  8.61
  8.61
  8.61
  8.61
  8.63
  8.63
  8.63
  8.66
  8.67
  8.67
  8.67
  8.67
  8.67
  8.67
  8.68
  8.69
  8.70
  8.70
  8.70
  8.71
  8.72
  8.72
  8.72
  8.72
  8.73
  8.73
  8.73
  8.73
  8.73
  8.74
  8.74
  8.74
  8.74
  8.74
  8.75
  8.75
  8.76
  8.76
  8.76
  8.76
  8.76
  8.76
  8.76
  8.76
  8.77
  8.77
  8.79
  8.79
  8.80
  8.80
  8.80
  8.80
  8.83
  8.83
  8.83
  8.84
  8.84
  8.86
  8.87
  8.87
  8.87
  8.87
  8.87
  8.87
  8.87
  8.87
  8.89
  8.90
  8.92
  8.94
  8.96
  8.98
  8.98
  8.99
  8.99
  8.99
  8.99
  8.99
  8.99
  8.99
  9.00
  9.00
  9.00
  9.01
  9.01
  9.01
  9.01
  9.01
  9.01
  9.01
  9.01
  9.01
  9.01
  9.01
  9.02
  9.03
  9.03
  9.03
  9.04
  9.04
  9.04
  9.04
  9.04
  9.04
  9.04
  9.05
  9.05
  9.05
  9.05
  9.05
  9.05
  9.05
  9.05
  9.05
  9.05
  9.05
  9.05
  9.09
  9.10
  9.11
  9.11
  9.12
  9.12
  9.13
  9.13
  9.13
  9.13
  9.13
  9.13
  9.13
  9.13
  9.13
  9.14
  9.18
  9.18
  9.18
  9.18
  9.19
  9.20
  9.21
  9.24
  9.24
  9.24
  9.24
  9.24
  9.24
  9.24
  9.25
  9.25
  9.25
  9.26
  9.26
  9.26
  9.26
  9.26
  9.26
  9.27
  9.27
  9.29
  9.29
  9.29
  9.30
  9.31
  9.32
  9.34
  9.35
  9.35
  9.36
  9.36
  9.37
  9.37
  9.37
  9.37
  9.37
  9.39
  9.39
  9.39
  9.39
  9.41
  9.42
  9.42
  9.42
  9.42
  9.43
  9.44
  9.44
  9.45
  9.46
  9.46
  9.46
  9.46
  9.46
  9.46
  9.46
  9.46
  9.47
  9.48
  9.48
  9.48
  9.52
  9.52
  9.52
  9.52
  9.52
  9.53
  9.53
  9.53
  9.53
  9.53
  9.53
  9.53
  9.53
  9.53
  9.53
  9.53
  9.53
  9.53
  9.53
  9.53
  9.53
  9.54
  9.54
  9.54
  9.55
  9.56
  9.56
  9.58
  9.58
  9.58
  9.58
  9.58
  9.58
  9.58
  9.59
  9.61
  9.62
  9.62
  9.63
  9.63
  9.65
  9.65
  9.65
  9.65
  9.65
  9.68
  9.70
  9.70
  9.71
  9.71
  9.71
  9.72
  9.72
  9.72
  9.72
  9.74
  9.75
  9.75
  9.75
  9.78
  9.78
  9.78
  9.79
  9.79
  9.79
  9.79
  9.79
  9.80
  9.81
  9.81
  9.81
  9.82
  9.84
  9.84
  9.84
  9.86
  9.87
  9.87
  9.88
  9.88
  9.88
  9.89
  9.91
  9.91
  9.91
  9.92
  9.92
  9.92
  9.94
  9.94
  9.94
  9.94
  9.94
  9.94
  9.94
  9.96
  9.96
  9.98
  9.98
  9.98
 10.00
 10.00
 10.00
 10.03
 10.05
 10.05
 10.05
 10.05
 10.05
 10.05
 10.06
 10.06
 10.06
 10.06
 10.06
 10.06
 10.06
 10.06
 10.06
 10.07
 10.07
 10.08
 10.08
 10.10
 10.10
 10.10
 10.10
 10.10
 10.10
 10.10
 10.13
 10.14
 10.14
 10.14
 10.14
 10.14
 10.15
 10.15
 10.16
 10.17
 10.17
 10.17
 10.17
 10.17
 10.17
 10.17
 10.17
 10.17
 10.19
 10.21
 10.21
 10.21
 10.21
 10.22
 10.24
 10.25
 10.26
 10.27
 10.27
 10.27
 10.27
 10.27
 10.27
 10.29
 10.31
 10.31
 10.32
 10.32
 10.32
 10.33
 10.34
 10.36
 10.37
 10.37
 10.38
 10.39
 10.39
 10.39
 10.40
 10.42
 10.42
 10.44
 10.45
 10.45
 10.46
 10.46
 10.46
 10.46
 10.46
 10.47
 10.48
 10.48
 10.49
 10.50
 10.52
 10.53
 10.53
 10.54
 10.54
 10.54
 10.54
 10.54
 10.54
 10.58
 10.58
 10.58
 10.58
 10.58
 10.58
 10.58
 10.58
 10.59
 10.59
 10.59
 10.61
 10.62
 10.63
 10.63
 10.63
 10.63
 10.63
 10.63
 10.63
 10.64
 10.64
 10.65
 10.66
 10.66
 10.66
 10.68
 10.69
 10.70
 10.70
 10.70
 10.70
 10.70
 10.71
 10.71
 10.71
 10.71
 10.71
 10.71
 10.72
 10.74
 10.74
 10.76
 10.77
 10.77
 10.77
 10.79
 10.79
 10.79
 10.79
 10.79
 10.79
 10.79
 10.79
 10.80
 10.80
 10.83
 10.84
 10.85
 10.85
 10.85
 10.85
 10.85
 10.87
 10.88
 10.89
 10.90
 10.90
 10.90
 10.90
 10.90
 10.90
 10.90
 10.90
 10.90
 10.91
 10.93
 10.94
 10.94
 10.96
 10.96
 10.96
 10.96
 10.97
 10.97
 11.00
 11.00
 11.00
 11.00
 11.00
 11.00
 11.00
 11.01
 11.01
 11.01
 11.01
 11.02
 11.03
 11.03
 11.04
 11.04
 11.05
 11.05
 11.07
 11.07
 11.09
 11.10
 11.11
 11.11
 11.11
 11.11
 11.11
 11.11
 11.11
 11.12
 11.12
 11.12
 11.12
 11.12
 11.12
 11.12
 11.12
 11.12
 11.12
 11.12
 11.12
 11.12
 11.12
 11.12
 11.14
 11.14
 11.14
 11.16
 11.16
 11.16
 11.16
 11.16
 11.16
 11.16
 11.16
 11.16
 11.16
 11.18
 11.19
 11.19
 11.21
 11.21
 11.21
 11.22
 11.22
 11.22
 11.22
 11.22
 11.24
 11.29
 11.30
 11.31
 11.31
 11.31
 11.31
 11.31
 11.31
 11.31
 11.31
 11.31
 11.36
 11.37
 11.37
 11.39
 11.40
 11.42
 11.42
 11.42
 11.42
 11.42
 11.44
 11.46
 11.51
 11.54
 11.54
 11.55
 11.55
 11.55
 11.56
 11.57
 11.58
 11.59
 11.59
 11.59
 11.60
 11.60
 11.61
 11.61
 11.63
 11.63
 11.63
 11.63
 11.64
 11.65
 11.65
 11.65
 11.65
 11.65
 11.65
 11.65
 11.66
 11.68
 11.68
 11.68
 11.68
 11.68
 11.69
 11.70
 11.71
 11.71
 11.71
 11.71
 11.72
 11.74
 11.74
 11.74
 11.77
 11.78
 11.79
 11.79
 11.81
 11.83
 11.83
 11.83
 11.83
 11.85
 11.88
 11.88
 11.88
 11.89
 11.90
 11.91
 11.91
 11.93
 11.93
 11.94
 11.95
 11.95
 11.96
 11.96
 11.97
 11.97
 11.97
 11.98
 11.99
 12.00
 12.01
 12.02
 12.02
 12.02
 12.04
 12.04
 12.05
 12.06
 12.06
 12.06
 12.06
 12.06
 12.07
 12.08
 12.08
 12.09
 12.09
 12.10
 12.11
 12.12
 12.13
 12.14
 12.16
 12.16
 12.16
 12.17
 12.18
 12.18
 12.18
 12.18
 12.18
 12.18
 12.18
 12.20
 12.21
 12.21
 12.21
 12.24
 12.24
 12.24
 12.27
 12.27
 12.27
 12.27
 12.27
 12.27
 12.29
 12.30
 12.30
 12.31
 12.31
 12.33
 12.33
 12.34
 12.35
 12.35
 12.35
 12.36
 12.37
 12.38
 12.39
 12.40
 12.40
 12.40
 12.43
 12.43
 12.44
 12.45
 12.45
 12.46
 12.47
 12.47
 12.47
 12.47
 12.48
 12.48
 12.50
 12.54
 12.54
 12.54
 12.56
 12.57
 12.57
 12.57
 12.57
 12.58
 12.58
 12.62
 12.62
 12.66
 12.67
 12.68
 12.69
 12.70
 12.70
 12.71
 12.71
 12.72
 12.72
 12.73
 12.74
 12.74
 12.74
 12.74
 12.74
 12.74
 12.74
 12.76
 12.79
 12.79
 12.79
 12.79
 12.81
 12.83
 12.85
 12.87
 12.87
 12.87
 12.88
 12.88
 12.88
 12.90
 12.90
 12.91
 12.91
 12.91
 12.92
 12.96
 12.97
 12.97
 12.97
 12.98
 13.01
 13.01
 13.01
 13.02
 13.06
 13.06
 13.06
 13.06
 13.06
 13.06
 13.06
 13.08
 13.08
 13.08
 13.13
 13.14
 13.14
 13.17
 13.20
 13.22
 13.22
 13.22
 13.22
 13.22
 13.23
 13.23
 13.23
 13.23
 13.23
 13.23
 13.26
 13.26
 13.27
 13.27
 13.27
 13.27
 13.28
 13.29
 13.29
 13.30
 13.33
 13.33
 13.35
 13.35
 13.38
 13.38
 13.38
 13.38
 13.38
 13.39
 13.39
 13.40
 13.41
 13.45
 13.46
 13.48
 13.48
 13.49
 13.49
 13.49
 13.50
 13.55
 13.55
 13.56
 13.56
 13.57
 13.58
 13.59
 13.60
 13.61
 13.63
 13.63
 13.65
 13.69
 13.71
 13.72
 13.72
 13.72
 13.73
 13.73
 13.73
 13.75
 13.75
 13.76
 13.76
 13.76
 13.79
 13.79
 13.79
 13.79
 13.81
 13.81
 13.81
 13.84
 13.84
 13.84
 13.84
 13.88
 13.88
 13.88
 13.90
 13.91
 13.91
 13.91
 13.91
 13.92
 13.96
 13.96
 13.96
 13.96
 13.96
 13.96
 13.96
 13.97
 13.97
 13.97
 13.98
 14.00
 14.00
 14.00
 14.02
 14.02
 14.05
 14.05
 14.05
 14.06
 14.06
 14.08
 14.08
 14.08
 14.10
 14.12
 14.13
 14.14
 14.17
 14.17
 14.18
 14.19
 14.23
 14.24
 14.24
 14.24
 14.26
 14.26
 14.28
 14.28
 14.28
 14.29
 14.29
 14.29
 14.29
 14.29
 14.32
 14.36
 14.37
 14.37
 14.37
 14.37
 14.39
 14.39
 14.41
 14.44
 14.44
 14.47
 14.49
 14.50
 14.50
 14.52
 14.52
 14.52
 14.55
 14.56
 14.63
 14.63
 14.63
 14.66
 14.67
 14.67
 14.67
 14.67
 14.68
 14.68
 14.68
 14.69
 14.69
 14.70
 14.70
 14.72
 14.73
 14.75
 14.80
 14.81
 14.81
 14.81
 14.82
 14.82
 14.85
 14.85
 14.89
 14.89
 14.89
 14.89
 14.89
 14.89
 14.92
 14.93
 14.94
 14.96
 14.96
 14.96
 14.96
 14.97
 14.98
 15.01
 15.04
 15.05
 15.08
 15.08
 15.08
 15.10
 15.11
 15.14
 15.15
 15.15
 15.15
 15.15
 15.15
 15.20
 15.22
 15.26
 15.26
 15.27
 15.27
 15.29
 15.29
 15.30
 15.32
 15.33
 15.35
 15.35
 15.35
 15.35
 15.35
 15.37
 15.37
 15.37
 15.37
 15.38
 15.40
 15.42
 15.42
 15.42
 15.43
 15.48
 15.52
 15.52
 15.53
 15.56
 15.56
 15.56
 15.59
 15.60
 15.61
 15.63
 15.63
 15.65
 15.66
 15.66
 15.68
 15.68
 15.71
 15.71
 15.71
 15.72
 15.72
 15.72
 15.73
 15.74
 15.76
 15.80
 15.85
 15.86
 15.87
 15.87
 15.87
 15.87
 15.87
 15.87
 15.88
 15.89
 15.90
 15.90
 15.90
 15.91
 15.95
 15.95
 15.96
 15.99
 16.01
 16.01
 16.01
 16.06
 16.06
 16.09
 16.09
 16.11
 16.11
 16.13
 16.16
 16.18
 16.20
 16.22
 16.22
 16.22
 16.24
 16.24
 16.24
 16.25
 16.29
 16.34
 16.34
 16.35
 16.36
 16.37
 16.37
 16.37
 16.38
 16.40
 16.40
 16.41
 16.42
 16.43
 16.43
 16.45
 16.47
 16.47
 16.47
 16.49
 16.52
 16.53
 16.53
 16.53
 16.53
 16.53
 16.56
 16.56
 16.57
 16.57
 16.60
 16.60
 16.66
 16.70
 16.74
 16.78
 16.81
 16.81
 16.81
 16.82
 16.86
 16.86
 16.87
 16.87
 16.87
 16.88
 16.90
 16.91
 16.93
 16.94
 16.96
 16.96
 16.96
 17.01
 17.02
 17.02
 17.03
 17.03
 17.04
 17.04
 17.06
 17.06
 17.06
 17.06
 17.06
 17.06
 17.06
 17.06
 17.09
 17.10
 17.13
 17.16
 17.16
 17.20
 17.20
 17.21
 17.22
 17.22
 17.27
 17.29
 17.29
 17.33
 17.35
 17.39
 17.39
 17.46
 17.46
 17.46
 17.48
 17.53
 17.61
 17.61
 17.61
 17.64
 17.64
 17.64
 17.65
 17.67
 17.67
 17.68
 17.69
 17.73
 17.73
 17.73
 17.74
 17.74
 17.74
 17.78
 17.79
 17.79
 17.80
 17.81
 17.89
 17.95
 17.96
 17.97
 17.97
 17.98
 17.98
 17.98
 17.98
 17.98
 17.99
 17.99
 17.99
 18.00
 18.01
 18.01
 18.01
 18.01
 18.02
 18.04
 18.05
 18.05
 18.11
 18.11
 18.11
 18.11
 18.13
 18.16
 18.18
 18.23
 18.25
 18.26
 18.27
 18.28
 18.31
 18.36
 18.36
 18.36
 18.36
 18.40
 18.40
 18.44
 18.45
 18.46
 18.51
 18.51
 18.52
 18.52
 18.54
 18.55
 18.57
 18.57
 18.58
 18.58
 18.58
 18.58
 18.63
 18.63
 18.66
 18.67
 18.69
 18.70
 18.70
 18.70
 18.70
 18.73
 18.76
 18.76
 18.76
 18.77
 18.78
 18.78
 18.78
 18.78
 18.79
 18.88
 18.90
 18.91
 18.93
 19.00
 19.01
 19.04
 19.05
 19.07
 19.07
 19.09
 19.09
 19.10
 19.11
 19.16
 19.17
 19.17
 19.18
 19.22
 19.22
 19.22
 19.27
 19.30
 19.30
 19.30
 19.32
 19.33
 19.40
 19.40
 19.40
 19.42
 19.44
 19.46
 19.50
 19.50
 19.51
 19.51
 19.54
 19.57
 19.58
 19.58
 19.58
 19.68
 19.68
 19.68
 19.68
 19.68
 19.69
 19.74
 19.75
 19.82
 19.83
 19.86
 19.88
 19.88
 19.92
 19.93
 19.99
 20.02
 20.02
 20.03
 20.07
 20.10
 20.11
 20.13
 20.14
 20.14
 20.16
 20.21
 20.25
 20.27
 20.27
 20.35
 20.42
 20.47
 20.50
 20.57
 20.57
 20.59
 20.63
 20.63
 20.63
 20.63
 20.64
 20.65
 20.65
 20.69
 20.73
 20.75
 20.79
 20.80
 20.82
 20.92
 20.96
 20.96
 20.98
 21.08
 21.08
 21.14
 21.15
 21.15
 21.16
 21.16
 21.17
 21.18
 21.18
 21.21
 21.24
 21.26
 21.32
 21.32
 21.42
 21.42
 21.43
 21.43
 21.47
 21.48
 21.68
 21.68
 21.70
 21.78
 21.81
 21.81
 21.82
 21.86
 21.86
 21.90
 21.95
 22.01
 22.02
 22.07
 22.20
 22.24
 22.24
 22.25
 22.25
 22.27
 22.31
 22.31
 22.31
 22.40
 22.49
 22.50
 22.55
 22.59
 22.59
 22.61
 22.61
 22.63
 22.64
 22.74
 22.75
 22.75
 22.75
 22.77
 22.77
 22.84
 22.90
 22.94
 22.96
 23.04
 23.10
 23.10
 23.15
 23.16
 23.28
 23.28
 23.30
 23.37
 23.37
 23.41
 23.42
 23.42
 23.49
 23.49
 23.49
 23.49
 23.56
 23.58
 23.68
 23.77
 23.81
 23.81
 23.83
 23.87
 23.87
 23.89
 23.91
 23.92
 23.95
 23.96
 23.97
 23.98
 23.98
 24.09
 24.17
 24.19
 24.24
 24.27
 24.33
 24.33
 24.35
 24.35
 24.36
 24.47
 24.54
 24.58
 24.60
 24.61
 24.76
 24.76
 24.76
 24.76
 24.80
 24.85
 24.88
 24.88
 24.88
 24.88
 24.90
 24.91
 25.03
 25.23
 25.24
 25.26
 25.26
 25.35
 25.41
 25.47
 25.50
 25.52
 25.52
 25.55
 25.58
 25.58
 25.66
 25.66
 25.92
 25.93
 25.94
 25.96
 25.99
 26.13
 26.18
 26.19
 26.31
 26.37
 26.45
 26.47
 26.52
 26.56
 26.58
 26.62
 26.68
 26.70
 26.70
 26.79
 26.97
 26.98
 26.98
 26.99
 27.02
 27.11
 27.14
 27.22
 27.23
 27.23
 27.35
 27.44
 27.51
 27.58
 27.58
 27.67
 27.77
 27.77
 27.83
 27.83
 27.84
 27.91
 27.93
 28.05
 28.05
 28.05
 28.05
 28.13
 28.15
 28.35
 28.35
 28.35
 28.37
 28.38
 28.38
 28.43
 28.44
 28.44
 28.46
 28.48
 28.64
 28.74
 28.77
 28.80
 28.86
 28.99
 29.09
 29.11
 29.18
 29.21
 29.27
 29.51
 29.60
 29.61
 29.62
 29.62
 29.64
 29.69
 29.79
 29.81
 29.81
 29.86
 29.89
 29.90
 29.92
 29.92
 29.94
 30.00
 30.07
 30.10
 30.15
 30.28
 30.29
 30.35
 30.53
 30.67
 30.81
 30.84
 30.84
 30.92
 30.95
 31.04
 31.13
 31.17
 31.25
 31.27
 31.52
 31.56
 31.80
 31.89
 31.89
 31.89
 31.89
 31.95
 32.12
 32.29
 32.36
 32.36
 32.45
 32.45
 32.45
 32.51
 32.54
 32.59
 32.64
 32.71
 32.71
 32.77
 32.99
 33.06
 33.11
 33.12
 33.27
 33.32
 33.35
 33.40
 33.40
 33.44
 33.55
 33.59
 33.60
 33.73
 33.85
 33.87
 33.87
 34.00
 34.00
 34.13
 34.20
 34.30
 34.38
 34.79
 34.80
 34.80
 34.85
 34.92
 34.92
 34.94
 34.97
 35.01
 35.04
 35.05
 35.16
 35.26
 35.36
 35.72
 35.75
 35.79
 35.89
 35.92
 35.95
 35.98
 35.98
 36.10
 36.15
 36.43
 36.66
 36.95
 36.97
 37.02
 37.03
 37.17
 37.43
 38.14
 38.23
 38.81
 38.96
 39.01
 39.14
 39.15
 39.20
 39.25
 39.30
 39.31
 39.65
 39.66
 39.69
 39.77
 39.82
 39.82
 39.98
 40.20
 40.21
 40.25
 40.32
 40.35
 40.42
 40.78
 41.05
 41.14
 41.16
 41.17
 41.18
 41.25
 41.28
 41.31
 41.33
 41.37
 41.38
 41.38
 41.47
 41.89
 42.35
 42.59
 42.70
 42.84
 43.00
 43.01
 43.38
 43.48
 43.61
 43.88
 44.22
 44.39
 44.48
 44.48
 44.64
 44.73
 44.74
 44.75
 45.03
 45.33
 45.35
 45.39
 46.12
 46.18
 46.51
 46.57
 46.83
 46.94
 46.96
 47.22
 47.22
 47.44
 47.65
 47.84
 47.89
 47.89
 48.27
 48.57
 48.67
 48.95
 48.95
 49.90
 50.29
 50.35
 50.35
 50.62
 50.86
 50.87
 51.05
 51.58
 51.62
 51.69
 51.87
 52.26
 53.15
 55.65
 55.91
 56.21
 56.86
 57.12
 57.21
 57.28
 58.24
 61.50
 61.68
 61.85
 62.13
 66.91
 69.12
 71.45
 72.05
 73.09
 75.31
 84.90
 85.28
 90.63
156.90
