 27.78
 29.62
 30.88
 31.24
 32.56
 33.20
 34.77
 38.42
 38.64
 38.90
 41.05
 41.96
 43.35
 46.23
 46.82
 46.97
 48.34
 48.67
 49.40
 49.45
 49.92
 50.06
 50.28
 50.99
 51.11
 51.77
 51.88
 52.20
 52.41
 53.60
 54.62
 56.40
 57.20
 58.70
 60.83
 62.46
 62.49
 62.65
 62.77
 63.12
 63.55
 64.39
 65.04
 65.69
 66.00
 66.42
 67.90
 68.03
 68.39
 68.88
 69.34
 69.81
 70.77
 71.22
 71.78
 71.91
 72.99
 73.13
 74.26
 75.42
 75.67
 75.82
 75.91
 76.32
 76.76
 77.30
 77.42
 78.10
 78.67
 79.12
 79.12
 79.43
 79.68
 80.23
 80.62
 81.54
 82.69
 83.35
 83.77
 84.17
 84.34
 85.12
 85.48
 86.82
 86.83
 87.31
 87.99
 88.09
 88.09
 88.18
 88.26
 88.31
 88.79
 89.20
 89.31
 90.76
 91.94
 93.59
 93.76
 94.12
 94.83
 95.60
 96.02
 96.83
 97.58
 98.53
 98.85
 99.01
 99.29
 99.64
 99.64
100.00
100.26
101.12
101.86
101.88
103.94
104.64
104.96
104.97
105.01
105.38
105.56
105.58
106.37
106.74
107.07
107.51
108.48
108.75
108.78
110.13
110.20
110.85
111.89
112.09
112.32
113.05
113.23
113.31
113.53
113.59
113.80
114.11
114.56
115.13
116.02
116.36
116.39
117.25
119.02
119.52
122.38
122.50
122.59
122.92
123.98
126.47
127.14
127.56
127.81
128.81
128.91
130.00
130.11
130.23
130.43
131.89
133.52
133.53
135.35
136.06
136.14
136.16
136.89
137.77
138.20
140.63
142.88
143.39
146.44
147.14
147.56
148.09
149.58
149.60
149.84
151.55
153.71
154.78
155.51
156.00
159.26
159.84
160.42
161.50
162.13
163.05
163.22
163.49
167.70
168.77
168.90
169.54
170.95
174.36
175.73
177.28
178.09
180.07
180.10
180.50
180.67
184.27
185.77
185.85
185.95
186.17
186.22
186.60
187.38
189.80
190.65
191.01
191.97
193.13
194.54
194.83
194.98
195.53
197.43
200.79
200.92
202.43
203.71
204.14
204.54
205.71
206.53
206.58
206.80
209.77
210.51
212.57
212.96
215.82
217.04
217.04
217.86
220.66
222.33
222.50
222.77
223.38
224.21
226.02
226.09
230.03
231.75
232.58
235.03
236.12
238.55
238.73
240.94
244.22
245.23
245.75
246.35
246.42
246.52
250.12
250.97
252.54
253.79
262.18
262.99
263.43
266.50
271.92
276.45
276.95
277.32
277.91
281.89
282.92
288.64
288.92
289.69
290.41
296.45
296.67
296.89
297.69
303.66
307.66
309.25
311.61
313.38
320.41
321.23
321.73
324.22
324.53
328.13
330.05
332.64
342.65
343.23
343.94
345.33
346.78
348.24
350.57
353.75
362.30
365.61
377.39
381.05
381.17
390.84
391.35
394.57
410.74
419.81
420.19
423.36
424.18
428.49
434.04
434.17
439.32
449.58
451.30
453.08
458.04
459.98
461.30
463.20
464.05
467.43
468.99
471.45
473.08
473.58
477.87
478.40
481.83
485.41
488.45
489.50
489.66
517.19
532.37
538.39
539.41
542.35
543.61
544.07
562.62
563.54
563.70
567.17
570.77
571.55
573.14
583.76
589.51
590.82
593.52
594.05
595.60
596.46
601.60
609.26
620.80
625.32
629.51
657.74
662.59
674.05
674.50
682.74
689.99
694.30
705.47
718.26
725.99
734.01
735.48
739.37
751.88
760.66
762.70
768.69
787.64
839.16
847.36
855.10
858.12
883.20
895.65
897.74
907.60
929.76
1032.99
1060.66
1079.32
1100.36
1121.48
1170.34
1192.50
1220.56
1351.47
