   210.7    210.7     0.00958840
   210.7    421.4     0.02397100
   210.7    632.1     0.02636810
   210.7    842.8     0.01438260
   210.7   1053.5     0.01917680
   210.7   1264.2     0.02876520
   210.7   1474.8     0.01198550
   210.7   1685.5     0.00958840
   210.7   1896.2     0.01677970
   210.7   2106.9     0.00958840
   210.7   2317.6     0.01677970
   210.7   2528.3     0.00719130
   210.7   2739.0     0.01917680
   210.7   2949.7     0.01438260
   421.4    210.7     0.00000000
   421.4    421.4     0.00958840
   421.4    632.1     0.02157390
   421.4    842.8     0.02876520
   421.4   1053.5     0.02157390
   421.4   1264.2     0.01917680
   421.4   1474.8     0.01917680
   421.4   1685.5     0.02397100
   421.4   1896.2     0.01917680
   421.4   2106.9     0.00958840
   421.4   2317.6     0.01438260
   421.4   2528.3     0.01677970
   421.4   2739.0     0.01438260
   421.4   2949.7     0.00479420
   632.1    210.7     0.00958840
   632.1    421.4     0.01438260
   632.1    632.1     0.01677970
   632.1    842.8     0.00958840
   632.1   1053.5     0.01917680
   632.1   1264.2     0.01917680
   632.1   1474.8     0.01677970
   632.1   1685.5     0.01677970
   632.1   1896.2     0.01198550
   632.1   2106.9     0.01438260
   632.1   2317.6     0.01677970
   632.1   2528.3     0.01198550
   632.1   2739.0     0.00719130
   632.1   2949.7     0.00719130
   842.8    210.7     0.02157390
   842.8    421.4     0.00719130
   842.8    632.1     0.01198550
   842.8    842.8     0.00479420
   842.8   1053.5     0.00719130
   842.8   1264.2     0.01438260
   842.8   1474.8     0.00719130
   842.8   1685.5     0.01438260
   842.8   1896.2     0.00719130
   842.8   2106.9     0.00719130
   842.8   2317.6     0.00719130
   842.8   2528.3     0.00719130
   842.8   2739.0     0.01438260
   842.8   2949.7     0.01198550
  1053.5    210.7     0.02397100
  1053.5    421.4     0.01198550
  1053.5    632.1     0.01677970
  1053.5    842.8     0.02157390
  1053.5   1053.5     0.01198550
  1053.5   1264.2     0.00958840
  1053.5   1474.8     0.01677970
  1053.5   1685.5     0.01438260
  1053.5   1896.2     0.00958840
  1053.5   2106.9     0.00479420
  1053.5   2317.6     0.01198550
  1053.5   2528.3     0.00239710
  1053.5   2739.0     0.00479420
  1053.5   2949.7     0.01198550
  1264.2    210.7     0.01917680
  1264.2    421.4     0.01198550
  1264.2    632.1     0.00958840
  1264.2    842.8     0.02157390
  1264.2   1053.5     0.01677970
  1264.2   1264.2     0.01438260
  1264.2   1474.8     0.01438260
  1264.2   1685.5     0.00479420
  1264.2   1896.2     0.01438260
  1264.2   2106.9     0.01198550
  1264.2   2317.6     0.00479420
  1264.2   2528.3     0.00479420
  1264.2   2739.0     0.00719130
  1264.2   2949.7     0.01677970
  1474.8    210.7     0.01677970
  1474.8    421.4     0.01438260
  1474.8    632.1     0.01438260
  1474.8    842.8     0.02397100
  1474.8   1053.5     0.02157390
  1474.8   1264.2     0.01917680
  1474.8   1474.8     0.01677970
  1474.8   1685.5     0.00958840
  1474.8   1896.2     0.01198550
  1474.8   2106.9     0.00479420
  1474.8   2317.6     0.00479420
  1474.8   2528.3     0.00000000
  1474.8   2739.0     0.00479420
  1474.8   2949.7     0.00719130
  1685.5    210.7     0.02157390
  1685.5    421.4     0.01677970
  1685.5    632.1     0.01198550
  1685.5    842.8     0.02636810
  1685.5   1053.5     0.02636810
  1685.5   1264.2     0.01677970
  1685.5   1474.8     0.02157390
  1685.5   1685.5     0.00958840
  1685.5   1896.2     0.00719130
  1685.5   2106.9     0.00719130
  1685.5   2317.6     0.01198550
  1685.5   2528.3     0.00958840
  1685.5   2739.0     0.00479420
  1685.5   2949.7     0.00958840
  1896.2    210.7     0.00958840
  1896.2    421.4     0.02157390
  1896.2    632.1     0.02157390
  1896.2    842.8     0.01677970
  1896.2   1053.5     0.01917680
  1896.2   1264.2     0.01198550
  1896.2   1474.8     0.01438260
  1896.2   1685.5     0.00958840
  1896.2   1896.2     0.00719130
  1896.2   2106.9     0.00479420
  1896.2   2317.6     0.00479420
  1896.2   2528.3     0.00958840
  1896.2   2739.0     0.00958840
  1896.2   2949.7     0.01438260
  2106.9    210.7     0.01677970
  2106.9    421.4     0.01198550
  2106.9    632.1     0.01438260
  2106.9    842.8     0.01917680
  2106.9   1053.5     0.02397100
  2106.9   1264.2     0.01198550
  2106.9   1474.8     0.01677970
  2106.9   1685.5     0.01438260
  2106.9   1896.2     0.00958840
  2106.9   2106.9     0.00958840
  2106.9   2317.6     0.00479420
  2106.9   2528.3     0.00239710
  2106.9   2739.0     0.00479420
  2106.9   2949.7     0.00958840
  2317.6    210.7     0.02157390
  2317.6    421.4     0.00958840
  2317.6    632.1     0.01198550
  2317.6    842.8     0.01917680
  2317.6   1053.5     0.02157390
  2317.6   1264.2     0.01677970
  2317.6   1474.8     0.01438260
  2317.6   1685.5     0.01677970
  2317.6   1896.2     0.00958840
  2317.6   2106.9     0.00239710
  2317.6   2317.6     0.01198550
  2317.6   2528.3     0.01198550
  2317.6   2739.0     0.00719130
  2317.6   2949.7     0.00719130
  2528.3    210.7     0.01198550
  2528.3    421.4     0.00958840
  2528.3    632.1     0.01198550
  2528.3    842.8     0.01917680
  2528.3   1053.5     0.01438260
  2528.3   1264.2     0.00719130
  2528.3   1474.8     0.01677970
  2528.3   1685.5     0.01677970
  2528.3   1896.2     0.01438260
  2528.3   2106.9     0.00719130
  2528.3   2317.6     0.00239710
  2528.3   2528.3     0.01198550
  2528.3   2739.0     0.00239710
  2528.3   2949.7     0.00239710
