    579.0000	     78.0000	    598.5000	    133.5000	    596.0000	    137.5000	    622.0000	    226.0000	    654.5000	    301.5000	
     35.0000	    124.0000	     25.0000	    155.5000	     25.0000	    168.5000	     14.5000	    189.8000	     17.5000	    211.0000	
    135.0000	      0.0000	    179.0000	    118.5000	    213.5000	    155.0000	    251.5000	    182.0000	    274.0000	    195.0000	    284.0000	    211.0000	    290.0000	    230.0000	
    229.0000	      0.0000	    239.5000	     12.0000	    199.0000	     22.5000	    155.5000	     29.8000	    113.0000	     35.5000	     99.0000	     40.5000	     77.5000	     47.5000	
    232.5000	     16.5000	    246.0000	     37.5000	    259.0000	     78.0000	    283.0000	    118.5000	    308.0000	    171.0000	
    413.0000	     11.0000	    402.5000	     21.0000	    407.8000	     56.5000	    413.0000	     68.5000	
    169.8000	     93.8000	    212.5000	     90.3000	    239.5000	    111.0000	    266.5000	    127.5000	
      7.0000	    131.0000	     49.0000	    118.5000	     81.0000	    111.5000	    111.0000	    103.0000	    141.0000	     90.3000	
      2.5000	    211.0000	     29.0000	    233.5000	     51.0000	    249.0000	
    132.0000	    135.5000	    168.9000	    155.4000	    123.0000	    167.5000	
     69.5000	    247.4000	     86.0000	    272.5000	    103.5000	    329.5000	    111.0000	    342.0000	    123.0000	    351.5000	
    108.5000	    179.0000	    139.8000	    206.5000	    157.0000	    247.4000	    162.5000	    284.5000	    162.5000	    326.0000	    165.0000	    351.5000	    158.5000	    374.5000	
      2.5000	    326.0000	     26.8000	    320.5000	     46.0000	    323.3000	     88.0000	    314.5000	    120.0000	    307.0000	    157.2000	    299.5000	
    218.2000	    254.5000	    250.0000	    247.4000	    266.5000	    240.5000	
      0.0000	    388.5000	    104.0000	    357.5000	    149.0000	    345.0000	    190.0000	    335.0000	    198.0000	    337.5000	
    366.7000	     81.5000	    384.5000	     74.5000	    398.0000	     74.5000	    417.0000	     68.5000	
    295.5000	    240.5000	    341.5000	    240.5000	    382.0000	    232.0000	    439.0000	    217.8000	    489.5000	    202.0000	
    729.5000	      0.0000	    756.1000	     51.0000	    781.6000	    135.5000	    807.1000	    197.4000	
    676.6000	    305.0000	    807.1000	    449.2000	    835.6000	    515.2000	
    548.8000	    192.0000	    548.8000	    305.0000	    538.6000	    388.5000	    528.0000	    537.7000	
    335.9000	    299.4000	    348.1000	    357.3000	    398.5000	    420.7000	    498.0000	    543.6000	
    739.3000	    592.0000	    828.9000	    570.6000	    940.6000	    549.6000	   1062.1000	    525.3000	   1153.6000	    497.2000	   1239.1000	    468.7000	   1324.6000	    451.8000	   1378.6000	    429.7000	
   1074.1000	    820.1000	   1183.6000	    795.6000	   1341.1000	    759.6000	
   1245.1000	   1088.1000	   1174.6000	    917.1000	   1087.6000	    768.6000	   1145.3000	    750.6000	
    528.0000	    867.1000	    562.6000	    905.1000	    614.0000	    978.6000	
    676.6000	    769.4000	    833.0000	    739.0000	    940.6000	    708.6000	
   1054.6000	    357.3000	   1166.4000	    326.0000	   1254.1000	    312.7000	   1392.1000	    278.0000	   1536.1000	    240.5000	   1725.1000	    195.0000	   1762.6000	    179.0000	
   1378.6000	    131.0000	   1504.6000	    103.5000	   1663.6000	     65.4000	   1791.1000	     39.8000	
   1300.6000	     84.5000	   1422.5000	     54.0000	   1563.0000	     16.5000	
   1414.6000	      3.0000	   1584.8000	    228.8000	   1699.6000	    402.7000	   1804.6000	    546.6000	
   1812.1000	    115.0000	   1833.1000	    179.0000	   1822.6000	    230.0000	   1812.1000	    410.1000	
   1867.6000	      3.0000	   1933.6000	     85.4000	   2032.6000	    299.4000	   2145.1000	    451.8000	
   1378.6000	    638.3000	   1457.3000	    620.1000	   1479.8000	    615.0000	   1584.8000	    592.0000	
   1642.6000	   1029.6000	   1578.1000	    939.8000	   1537.6000	    875.9000	   1509.1000	    769.4000	   1457.3000	    620.1000	
   1116.3000	    838.1000	   1239.1000	    836.1000	   1341.1000	    816.9000	   1457.3000	    788.1000	   1575.1000	    750.6000	   1695.1000	    720.8000	   1832.3000	    681.6000	   1875.1000	    675.6000	   1968.1000	    660.6000	   2006.3000	    638.3000	
    787.6000	    357.3000	    807.1000	    425.1000	    816.0000	    460.3000	
    820.3000	    285.7000	    828.9000	    339.1000	    833.0000	    476.9000	
    871.2000	    274.8000	    888.1000	    344.0000	    904.6000	    408.8000	
    618.3000	    388.5000	    708.1000	    374.5000	    765.2000	    357.3000	    858.9000	    339.1000	    897.1000	    333.9000	    946.4000	    320.5000	
    756.1000	    533.2000	    826.6000	    515.2000	    897.1000	    497.2000	
    858.9000	    741.6000	    870.1000	    820.1000	    871.2000	    905.1000	    887.9000	   1029.6000	
    775.2000	    714.6000	    816.0000	    788.1000	    870.1000	    870.6000	
     14.5000	   1259.1000	     82.1000	   1239.6000	    201.0000	   1212.7000	
    348.1000	   1241.1000	    475.0000	   1212.7000	    558.0000	   1194.6000	    654.5000	   1169.9000	    719.2000	   1160.1000	    782.4000	   1139.2000	    828.9000	   1132.4000	
     21.2000	   1355.1000	    108.5000	   1338.6000	    228.0000	   1299.6000	
    169.8000	    956.2000	    169.8000	   1025.7000	    197.4000	   1059.6000	
     21.2000	   1303.9000	     27.6000	   1389.6000	     57.8000	   1455.6000	     81.1000	   1494.6000	
     48.2000	   1406.1000	    131.0000	   1385.1000	    239.5000	   1365.6000	
    258.8000	   1341.6000	    348.0000	   1316.1000	    436.9000	   1303.9000	    513.3000	   1287.6000	    669.1000	   1259.1000	
    447.2000	   1139.2000	    489.5000	   1235.9000	    436.9000	   1139.2000	
    853.9000	   1132.4000	    940.6000	   1112.1000	   1036.0000	   1088.1000	   1087.6000	   1075.4000	
   1105.6000	   1070.9000	   1216.6000	   1059.6000	   1315.6000	   1029.6000	   1457.3000	   1000.4000	
    984.3000	   1212.7000	   1058.9000	   1194.6000	   1084.4000	   1179.6000	   1182.1000	   1150.4000	   1293.1000	   1131.7000	   1372.6000	   1112.1000	   1471.5000	   1090.0000	
    897.1000	   1079.5000	    940.6000	   1067.2000	   1010.9000	   1046.2000	   1062.7000	   1035.6000	
   1372.6000	    740.6000	   1457.3000	    715.0000	   1550.0000	    690.6000	   1698.1000	    660.6000	   1804.6000	    638.3000	   1894.6000	    615.2000	   1950.1000	    599.1000	
   1618.6000	    624.7000	   1661.3000	   1075.4000	   1661.3000	   1164.1000	   1651.6000	   1316.1000	
   1384.6000	    599.1000	   1471.5000	    570.6000	   1584.8000	    543.6000	
   1315.6000	    549.6000	   1315.6000	    690.6000	   1254.1000	    620.1000	
   1116.3000	   1069.8000	   1182.1000	   1150.4000	   1227.9000	   1227.6000	
   1239.1000	   1221.6000	   1276.6000	   1286.1000	   1315.6000	   1347.6000	   1315.6000	   1434.6000	   1357.4000	   1494.6000	
      2.5000	   1530.6000	     57.8000	   1502.1000	    136.8000	   1473.6000	    258.8000	   1439.1000	    354.6000	   1415.1000	    498.0000	   1385.9000	    684.7000	   1334.1000	    870.1000	   1299.6000	   1021.6000	   1266.6000	   1166.4000	   1241.1000	   1276.6000	   1221.6000	   1405.0000	   1179.6000	   1537.6000	   1139.2000	
   1424.8000	   1151.3000	   1584.8000	   1112.1000	   1661.3000	   1075.4000	   1708.6000	   1067.2000	   1737.1000	   1059.6000	
   1537.6000	   1035.6000	   1642.6000	   1000.4000	   1744.6000	    978.6000	   1833.1000	    956.2000	
   1651.6000	    972.7000	   1780.6000	    946.4000	   1833.1000	    922.9000	   1914.1000	    901.2000	   1978.6000	    875.9000	   2109.1000	    838.1000	
   1618.6000	    919.4000	   1701.1000	    905.1000	   1804.6000	    885.6000	   1899.1000	    854.1000	   1930.6000	    846.6000	
     21.2000	   1563.6000	    143.1000	   1524.6000	    354.6000	   1464.6000	    489.5000	   1434.6000	
    169.8000	   1317.3000	    181.0000	   1399.3000	    243.5000	   1475.1000	
      7.0000	   1451.1000	    136.8000	   1412.5000	    181.0000	   1399.3000	
    401.0000	   1475.1000	    447.2000	   1536.6000	    472.6000	   1592.1000	
     42.8000	   1602.6000	    176.5000	   1548.6000	    375.3000	   1509.0000	    571.0000	   1451.1000	    684.7000	   1434.6000	
    676.6000	   1365.6000	    676.6000	   1425.2000	    676.6000	   1640.1000	
     67.7000	   1650.6000	    217.7000	   1614.6000	    271.1000	   1602.6000	
    271.1000	   1614.6000	    354.6000	   1598.1000	    427.6000	   1586.1000	    532.6000	   1563.6000	    612.1000	   1556.1000	
     94.0000	   1686.6000	    258.8000	   1650.6000	    354.6000	   1634.1000	    498.0000	   1614.6000	    655.6000	   1585.3000	
    676.6000	   1569.6000	    811.6000	   1544.1000	    919.6000	   1518.6000	   1038.1000	   1494.6000	
    568.7000	   1509.0000	    676.6000	   1518.6000	    787.6000	   1494.6000	    871.6000	   1475.1000	    967.7000	   1451.1000	
    819.1000	   1406.1000	    807.1000	   1665.6000	    807.1000	   1862.1000	
   1038.1000	   1406.1000	   1135.6000	   1385.9000	   1176.9000	   1380.6000	   1298.2000	   1365.6000	   1408.6000	   1341.6000	
    857.4000	   1373.9000	   1010.9000	   1347.6000	   1084.4000	   1327.4000	   1156.6000	   1303.9000	   1255.6000	   1289.1000	   1389.1000	   1259.1000	   1521.1000	   1226.4000	   1567.6000	   1212.7000	
   1176.9000	   1327.4000	   1341.1000	   1316.1000	   1443.1000	   1303.9000	   1545.1000	   1286.1000	   1618.6000	   1286.1000	
   1342.6000	   1399.3000	   1494.1000	   1355.1000	   1640.0000	   1317.3000	
    243.5000	   1679.1000	    201.0000	   1754.1000	    185.9000	   1846.8000	    184.7000	   1854.6000	    183.6000	   2036.1000	
    185.9000	   1846.8000	    206.7000	   1947.6000	    255.3000	   2084.1000	    261.9000	   2171.1000	
    247.3000	   1542.6000	    339.1000	   1585.3000	    407.8000	   1626.9000	    426.1000	   1658.1000	
    374.8000	   1748.1000	    472.6000	   1742.1000	    593.7000	   1724.8000	
    384.1000	   1811.1000	    506.5000	   1785.6000	    596.8000	   1769.8000	
    636.1000	   1650.6000	    776.4000	   1626.6000	    915.1000	   1592.1000	   1137.1000	   1552.3000	   1335.1000	   1499.1000	   1543.6000	   1460.7000	
    612.1000	   1713.6000	    684.7000	   1700.1000	    782.4000	   1679.1000	    934.2000	   1650.6000	   1036.1000	   1626.6000	
   1030.6000	   1614.6000	   1172.1000	   1585.3000	   1276.6000	   1563.6000	   1402.6000	   1532.1000	   1499.6000	   1509.0000	
    919.6000	   1518.6000	    962.2000	   1583.6000	    962.2000	   1609.3000	
   1245.1000	   1724.8000	   1434.1000	   1686.6000	   1640.0000	   1650.6000	
    636.1000	   1890.6000	    847.6000	   1857.6000	    934.2000	   1840.9000	
    436.8000	   1865.7000	    636.1000	   1829.1000	    768.2000	   1794.4000	
    303.3000	   1626.6000	    348.1000	   1762.0000	    436.8000	   1983.6000	    463.2000	   2072.1000	    513.3000	   2183.1000	    533.5000	   2285.1000	
     73.6000	   1748.1000	    167.4000	   1734.0000	    219.2000	   1717.3000	
    255.3000	   1592.1000	    293.5000	   1686.6000	    327.5000	   1830.1000	    336.7000	   1902.6000	    336.7000	   1991.8000	    336.7000	   2106.6000	    327.5000	   2181.6000	    312.5000	   2291.1000	
    447.2000	   2036.1000	    456.8000	   2156.1000	    447.2000	   2261.1000	    418.4000	   2333.1000	    401.0000	   2445.6000	
    787.6000	   1881.6000	    813.1000	   2045.1000	    824.1000	   2273.1000	    841.6000	   2499.6000	
   1074.1000	   2171.1000	    970.7000	   2202.6000	    824.1000	   2232.6000	
   1108.6000	   1983.6000	   1194.1000	   1955.8000	   1257.0000	   1947.6000	
   1309.6000	   2265.6000	   1326.8000	   2036.1000	   1336.6000	   1822.7000	   1357.4000	   1567.3000	
   1381.6000	   2093.8000	   1402.6000	   2181.6000	   1422.5000	   2274.6000	   1422.5000	   2355.6000	   1408.6000	   2499.6000	   1402.0000	   2618.0000	
   1176.1000	   2162.1000	   1166.4000	   2342.1000	   1158.1000	   2540.1000	   1148.7000	   2687.0000	   1162.4000	   2777.0000	
   1276.6000	   2106.6000	   1429.6000	   2081.1000	   1558.6000	   2052.6000	   1693.6000	   2036.1000	   1749.1000	   2027.1000	
   1759.6000	   1811.1000	   1740.1000	   2120.8000	   1731.1000	   2286.9000	   1722.1000	   2469.6000	   1716.1000	   2649.5000	
    921.4000	   1235.9000	    989.3000	   1316.1000	   1021.6000	   1392.0000	   1040.3000	   1451.1000	   1038.1000	   1577.4000	   1030.6000	   1713.6000	   1021.6000	   1785.6000	   1030.6000	   1947.6000	   1040.3000	   2001.6000	   1030.6000	   2082.6000	   1021.6000	   2181.6000	   1021.6000	   2297.1000	   1021.6000	   2445.6000	   1008.1000	   2625.5000	    980.8000	   2849.0000	    980.8000	   2991.5000	    960.1000	   3138.5000	
    555.1000	   2744.0000	    562.6000	   2577.5000	    579.1000	   2453.1000	    594.1000	   2307.6000	    594.1000	   2066.8000	
    692.5000	   2655.5000	    684.7000	   2528.1000	    692.5000	   2372.1000	    692.5000	   2241.8000	
      0.0000	   1713.6000	     75.2000	   1919.3000	    136.7000	   2052.6000	    213.6000	   2216.1000	    223.9000	   2324.1000	
    204.2000	   2162.1000	    289.6000	   2333.1000	    354.6000	   2445.6000	    418.4000	   2576.0000	    484.2000	   2696.0000	    561.1000	   2855.0000	    602.5000	   2936.0000	    613.6000	   2922.0000	    654.1000	   2870.8000	
    232.6000	   2201.8000	    296.0000	   2273.1000	    372.5000	   2405.4000	    456.8000	   2550.5000	    541.2000	   2744.0000	    628.6000	   2819.0000	    723.1000	   2999.0000	    807.1000	   3138.5000	    867.1000	   3179.0000	
    374.8000	   3468.0000	    401.0000	   3129.5000	    428.9000	   2799.5000	    441.1000	   2722.3000	    456.8000	   2649.5000	
    594.1000	   3351.5000	    619.6000	   3071.0000	    633.1000	   2969.0000	
     96.2000	   3351.5000	     96.2000	   3258.5000	    124.7000	   3021.5000	    156.2000	   2744.0000	    162.2000	   2499.6000	    162.2000	   2366.1000	
    112.0000	   2496.6000	    112.0000	   2600.0000	     81.2000	   2858.8000	
     73.7000	   2511.6000	     36.2000	   2697.5000	     36.2000	   2765.0000	
      0.0000	   2333.1000	     10.7000	   2445.6000	     10.7000	   2585.0000	     10.7000	   2638.3000	
    270.1000	   2448.6000	    296.0000	   2699.0000	    303.3000	   2811.5000	    296.0000	   2921.0000	
    255.3000	   3138.5000	    286.7000	   3011.0000	    310.6000	   2930.0000	
    787.6000	   2954.0000	    824.1000	   2840.0000	    834.1000	   2754.5000	
    921.4000	   2426.1000	   1040.3000	   2399.1000	   1148.7000	   2379.6000	
   1116.1000	   2542.3000	   1254.1000	   2511.6000	   1381.6000	   2496.6000	   1525.6000	   2469.6000	   1600.6000	   2457.6000	
   1188.1000	   2426.1000	   1309.6000	   2405.4000	   1390.6000	   2393.1000	
   1381.6000	   3468.0000	   1390.6000	   3189.5000	   1390.6000	   2885.0000	   1402.0000	   2722.3000	
   1381.6000	   2730.5000	   1358.3000	   2870.8000	   1309.6000	   2730.5000	
    602.5000	   2730.5000	    772.6000	   2699.0000	    921.4000	   2670.5000	   1065.1000	   2649.5000	
   1358.3000	   2765.0000	   1471.6000	   2754.5000	   1566.1000	   2744.0000	   1710.1000	   2722.3000	   1780.6000	   2705.0000	
   1930.6000	   3468.0000	   1938.1000	   3204.5000	   1934.3000	   2969.0000	   1924.6000	   2705.0000	
   1794.1000	   2549.0000	   1794.1000	   2870.8000	   1788.1000	   3138.5000	   1788.1000	   3227.4000	
    753.7000	   3243.5000	    736.6000	   3096.5000	    700.3000	   3017.0000	    602.5000	   2936.0000	
    787.6000	   3160.3000	    765.1000	   3279.5000	    753.7000	   3395.0000	
   1162.4000	   2832.5000	   1162.4000	   2969.0000	   1162.4000	   3170.0000	   1155.1000	   3314.1000	   1158.8000	   3373.8000	   1148.7000	   3468.0000	
   2049.1000	   3150.3000	   1931.3000	   2918.8000	   2104.6000	   2898.5000	
   1969.6000	   3386.0000	   2148.1000	   3368.5000	   2221.6000	   3351.5000	   2277.0000	   3338.0000	
   2082.1000	   3077.0000	   2076.1000	   2777.0000	   2076.1000	   2445.6000	   2053.6000	   2138.8000	
   1911.1000	   2333.1000	   1999.6000	   2510.1000	   2040.1000	   2637.5000	
   1552.6000	   3468.0000	   1564.6000	   3269.0000	   1578.1000	   3089.8000	   1569.5000	   2820.5000	   1558.6000	   2523.6000	   1565.3000	   2230.3000	
   1176.1000	   2241.8000	   1381.6000	   2213.1000	   1521.8000	   2190.6000	   1662.6000	   2162.1000	
   1816.6000	   2426.1000	   1992.8000	   2393.1000	   2154.1000	   2355.9000	
   1699.6000	   2908.9000	   1710.1000	   2759.1000	   1710.1000	   2669.0000	
   2277.0000	   3468.0000	   2277.0000	   3294.5000	   2268.0000	   3269.0000	   2268.0000	   3117.5000	   2254.5000	   2997.9000	   2248.5000	   2908.9000	   2221.6000	   2789.0000	   2193.1000	   2722.3000	
   2484.8000	   3386.0000	   2466.0000	   3236.0000	   2457.0000	   3024.4000	   2457.0000	   2930.0000	   2464.5000	   2800.7000	   2461.5000	   2669.0000	   2443.5000	   2612.0000	
   2829.0000	   3468.0000	   2719.5000	   3297.5000	   2695.5000	   3252.5000	   2685.0000	   3227.4000	   2665.5000	   3204.5000	   2653.5000	   3160.3000	
   2845.0000	   3386.0000	   2802.0000	   3269.0000	   2683.5000	   3111.5000	   2610.8000	   2999.0000	
   2845.0000	   3314.1000	   2818.5000	   3269.0000	   2773.5000	   3192.5000	   2712.0000	   3108.5000	   2653.5000	   3017.0000	   2635.7000	   3006.5000	   2628.0000	   3002.0000	   2593.5000	   2961.5000	   2562.0000	   2952.9000	
   2593.5000	   2534.1000	   2599.5000	   2649.5000	   2628.0000	   2832.5000	   2638.5000	   2942.0000	   2635.7000	   3006.5000	
   2572.5000	   2457.6000	   2628.0000	   2534.1000	   2667.0000	   2612.0000	   2703.5000	   2669.0000	
   2667.0000	   3227.4000	   2628.0000	   3204.5000	   2572.5000	   3117.5000	   2517.0000	   3034.3000	   2457.0000	   2930.0000	
   2464.2000	   2982.5000	   2511.0000	   3041.0000	   2527.8000	   3050.4000	
   2437.5000	   2936.0000	   2410.5000	   2870.8000	   2388.0000	   2832.5000	   2383.5000	   2777.0000	   2353.5000	   2712.5000	   2322.0000	   2655.5000	   2287.5000	   2607.9000	
   2356.7000	   2961.5000	   2356.7000	   2832.5000	   2356.7000	   2730.5000	
   2277.0000	   2355.9000	   2322.0000	   2469.6000	   2356.7000	   2514.0000	   2373.0000	   2624.0000	   2373.0000	   2748.5000	
   2703.5000	   2612.0000	   2703.5000	   2514.0000	   2565.0000	   2306.1000	   2572.5000	   2187.2000	
   2437.5000	   1632.6000	   2443.5000	   2001.6000	   2464.2000	   2247.6000	   2464.2000	   2439.6000	   2472.0000	   2624.0000	
   2176.6000	   2001.6000	   2113.6000	   1902.6000	   2076.1000	   1811.1000	
   2032.6000	   1502.9000	   2053.6000	   1713.6000	   2067.8000	   1865.7000	   2067.8000	   2036.1000	   2082.1000	   2138.8000	
   2277.0000	   2563.3000	   2202.1000	   2391.0000	   2116.6000	   2233.3000	
   2097.2000	   2181.6000	   2011.6000	   2009.1000	   1983.1000	   1938.6000	   1959.1000	   1839.4000	   1947.1000	   1754.1000	
   1773.1000	   1509.0000	   1842.1000	   1687.7000	   1867.6000	   1769.8000	   1890.1000	   1872.6000	
   1890.1000	   1776.2000	   1897.6000	   1991.8000	   1897.6000	   2115.6000	
   2192.3000	   2045.1000	   2196.8000	   2162.1000	   2208.1000	   2333.1000	   2202.1000	   2391.0000	
   2164.6000	   1890.6000	   2314.5000	   1862.1000	   2437.5000	   1832.1000	
   2443.5000	   1846.8000	   2484.8000	   1953.6000	   2484.8000	   1983.6000	   2527.5000	   2066.8000	   2599.5000	   2172.4000	
   2743.5000	   2469.6000	   2784.0000	   2457.6000	   2802.0000	   2463.6000	   2830.5000	   2463.6000	
   2775.0000	   2295.6000	   2766.0000	   1983.6000	   2766.0000	   1776.2000	
   2497.5000	   2196.6000	   2484.8000	   2148.2000	   2484.8000	   2076.6000	   2491.2000	   2035.9000	
   2580.0000	   2106.6000	   2638.5000	   2100.6000	   2703.5000	   2085.6000	   2743.5000	   2066.8000	   2820.0000	   2052.6000	
   2200.2000	   2013.6000	   2259.0000	   2148.2000	   2253.0000	   2233.3000	   2277.0000	   2316.6000	
   1890.1000	   1686.6000	   1995.8000	   1640.1000	   2104.6000	   1632.6000	   2130.6000	   1628.7000	   2224.6000	   1614.6000	   2350.5000	   1585.3000	   2437.5000	   1555.7000	
   2208.1000	   1742.1000	   2130.6000	   1628.7000	   2154.1000	   1724.8000	   2163.8000	   1802.1000	
   2268.0000	   2052.6000	   2262.0000	   1937.1000	   2277.0000	   1811.1000	   2277.0000	   1662.6000	   2287.5000	   1443.6000	
   2287.5000	   1802.1000	   2340.0000	   1784.1000	   2383.5000	   1776.2000	   2425.5000	   1762.0000	   2472.0000	   1748.1000	
   2830.5000	   1890.6000	   2787.0000	   1802.1000	   2733.0000	   1734.0000	   2691.0000	   1690.8000	   2655.0000	   1650.6000	
   2727.0000	   1460.7000	   2727.0000	   1575.6000	   2734.5000	   1671.3000	   2742.8000	   1734.0000	
   2305.5000	   2355.9000	   2335.0000	   2463.6000	   2350.5000	   2499.9000	
   1858.6000	   1499.1000	   1969.6000	   1477.3000	   2016.1000	   1460.7000	
   1978.6000	   1341.6000	   1964.3000	   1431.8000	   2006.3000	   1451.1000	
   1858.6000	   1373.9000	   1880.3000	   1460.7000	   1915.6000	   1577.1000	
   1858.6000	   1597.4000	   1915.6000	   1592.1000	   2006.3000	   1577.1000	
   2076.1000	   1443.6000	   2115.4000	   1437.6000	   2169.3000	   1424.9000	   2224.6000	   1406.1000	   2287.5000	   1399.3000	   2274.8000	   1293.3000	   2235.0000	   1168.0000	   2202.1000	   1009.0000	   2188.6000	    899.1000	   2179.6000	    741.6000	   1930.6000	    816.9000	
   2322.0000	   1386.7000	   2370.0000	   1373.9000	   2386.5000	   1373.9000	
   2395.5000	   1412.5000	   2361.0000	   1286.1000	   2308.5000	   1196.6000	
   1840.6000	   1373.9000	   1930.6000	   1352.1000	   2049.1000	   1327.4000	
   2097.2000	   1327.4000	   2082.1000	   1259.1000	   2049.1000	   1164.1000	   2022.2000	   1115.1000	   2016.1000	   1069.8000	   1995.8000	   1018.4000	   1971.4000	    956.2000	   1937.3000	    870.6000	   1921.6000	    807.6000	   1893.8000	    741.6000	   1867.6000	    690.6000	
   1833.1000	   1293.3000	   1950.1000	   1267.9000	   1969.6000	   1334.9000	
   2022.2000	   1260.6000	   2139.2000	   1235.9000	   2200.6000	   1221.6000	   2287.5000	   1204.8000	   2354.3000	   1190.1000	   2464.5000	   1164.1000	   2511.0000	   1164.1000	   2571.0000	   1148.7000	   2640.0000	   1119.6000	   2710.5000	   1106.7000	   2784.0000	   1090.0000	   2830.5000	   1079.5000	   2845.0000	   1075.4000	
   1831.6000	   1216.0000	   1932.4000	   1179.6000	   2022.2000	   1156.6000	   2091.1000	   1139.2000	   2208.1000	   1106.7000	   2253.0000	   1097.1000	   2293.5000	   1090.0000	   2308.5000	   1090.0000	   2352.0000	   1090.0000	   2418.0000	   1070.9000	   2445.0000	   1059.6000	
   2218.6000	   1573.6000	   2155.6000	   1484.9000	   2145.1000	   1443.6000	
   1366.6000	    824.9000	   1408.6000	    905.1000	   1442.5000	    970.4000	   1471.5000	   1059.6000	   1524.9000	   1106.7000	   1550.0000	   1156.6000	   1580.9000	   1221.6000	   1636.6000	   1306.7000	   1708.2000	   1431.8000	   1759.6000	   1499.1000	
   1737.8000	   1035.6000	   1700.7000	   1162.0000	   1693.6000	   1235.9000	   1731.1000	   1380.3000	   1744.6000	   1475.5000	
   1804.6000	   1035.6000	   1812.1000	   1212.7000	   1833.1000	   1412.5000	   1848.1000	   1569.6000	   1872.1000	   1686.6000	   1897.6000	   1802.1000	   1962.1000	   1947.6000	   2032.6000	   2093.8000	   2091.1000	   2201.8000	
   1831.6000	    720.8000	   1831.6000	    846.6000	   1833.1000	    922.9000	   1831.6000	    970.4000	   1822.6000	   1029.6000	   1822.6000	   1185.6000	
   1812.1000	   1156.6000	   1909.6000	   1128.1000	   1985.3000	   1103.9000	   2091.1000	   1079.5000	
   1897.6000	   1041.6000	   2022.2000	   1008.6000	   2097.2000	    984.6000	
   1995.8000	    928.4000	   2154.1000	    884.8000	   2322.0000	    846.6000	   2433.6000	    819.6000	
   2218.6000	    460.3000	   2287.5000	    579.6000	   2362.5000	    705.7000	   2407.5000	    797.1000	
   2126.3000	    828.1000	   2280.0000	    797.1000	   2424.0000	    769.4000	   2503.5000	    749.0000	   2670.0000	    708.6000	   2770.5000	    683.1000	   2845.0000	    669.9000	
   2797.5000	    615.2000	   2791.5000	    797.1000	   2791.5000	   1050.6000	   2791.5000	   1267.9000	
   2529.0000	    893.1000	   2655.0000	   1090.0000	   2727.0000	   1185.6000	
   2838.0000	   1421.4000	   2742.8000	   1286.1000	   2710.5000	   1235.9000	   2641.5000	   1133.6000	   2611.5000	   1079.5000	   2565.0000	   1047.6000	   2529.0000	    978.6000	
   2617.5000	   1734.0000	   2617.5000	   1614.6000	   2596.5000	   1502.9000	   2583.0000	   1406.1000	
   2574.0000	   1402.8000	   2565.0000	   1343.5000	   2538.0000	   1267.9000	
   2538.0000	   1247.1000	   2485.7000	   1128.1000	   2437.5000	   1023.6000	   2368.5000	    912.7000	   2352.0000	    875.9000	
   2126.9000	    978.6000	   2235.0000	    956.2000	   2362.5000	    922.9000	
   2313.0000	    955.1000	   2352.0000	   1029.6000	   2395.5000	   1103.9000	
   2126.9000	   1216.0000	   2301.0000	   1179.6000	   2401.5000	   1156.6000	
   2161.9000	    912.7000	   2076.1000	    789.9000	   2032.6000	    705.7000	   1997.4000	    653.1000	
   1737.1000	    660.6000	   1750.6000	    769.4000	   1759.6000	    846.6000	
   2313.0000	    828.1000	   2295.0000	    769.4000	   2287.5000	    739.0000	   2281.5000	    720.8000	   2264.2000	    697.4000	   2256.0000	    638.3000	
   1944.8000	    739.0000	   2013.1000	    726.6000	   2126.9000	    697.4000	   2244.7000	    669.9000	   2373.0000	    638.3000	   2469.0000	    615.2000	   2485.7000	    608.1000	
   2845.0000	   1128.1000	   2817.0000	   1059.6000	   2733.0000	    955.1000	   2646.0000	    819.6000	   2544.0000	    669.9000	   2478.0000	    582.6000	
   2701.5000	   1069.8000	   2683.5000	   1029.5000	   2692.5000	    995.9000	   2644.5000	    946.4000	
   2636.3000	   1247.1000	   2545.5000	   1118.1000	   2515.5000	   1041.6000	
   2515.5000	   1185.6000	   2506.5000	   1086.3000	   2515.5000	    995.9000	   2529.0000	    928.4000	
   2296.5000	   1008.1000	   2407.5000	    978.6000	   2478.0000	    962.5000	
   2278.5000	   1179.6000	   2264.2000	   1119.6000	   2238.0000	   1075.4000	   2218.6000	   1047.6000	
   1587.8000	    867.1000	   1704.1000	    828.1000	   1833.1000	    797.1000	
   1651.6000	    797.1000	   1771.6000	    769.4000	   1867.6000	    753.6000	
   1405.0000	    730.8000	   1471.5000	    855.4000	   1563.1000	    970.4000	   1624.6000	   1079.5000	
   1497.1000	   1179.6000	   1567.6000	   1156.6000	   1624.6000	   1144.4000	
   1580.9000	   1221.6000	   1606.7000	   1216.0000	   1658.7000	   1204.8000	
   1471.5000	   1002.5000	   1580.9000	    970.4000	   1649.5000	    950.7000	
   1384.6000	    859.3000	   1491.3000	    819.6000	   1580.9000	    797.1000	
   1094.8000	    899.1000	   1176.9000	    870.6000	   1216.6000	    870.6000	   1263.1000	    859.8000	   1315.6000	    846.6000	   1366.6000	    832.1000	
   1471.5000	    788.1000	   1504.6000	    838.1000	   1537.6000	    875.9000	
   1624.6000	    460.3000	   1624.6000	    543.6000	   1649.5000	    624.7000	
   1710.5000	    582.6000	   1719.1000	    638.3000	   1737.1000	    647.1000	
   1774.6000	    542.5000	   1833.1000	    524.2000	   1880.3000	    524.2000	   1944.8000	    494.2000	   2037.1000	    482.9000	   2176.6000	    440.2000	   2332.5000	    410.1000	   2413.5000	    388.5000	   2464.5000	    381.7000	   2575.9000	    362.0000	   2644.5000	    344.4000	   2683.5000	    344.4000	
   2208.1000	    501.7000	   2293.9000	    477.7000	   2433.6000	    460.3000	   2517.8000	    440.2000	   2607.0000	    429.7000	   2692.5000	    410.1000	   2713.5000	    401.2000	
   2281.5000	    720.8000	   2379.8000	    697.4000	   2433.6000	    690.1000	   2485.7000	    669.9000	   2574.0000	    653.1000	   2683.5000	    628.7000	   2785.5000	    599.1000	
   2644.5000	    620.1000	   2586.8000	    510.8000	   2538.0000	    368.7000	
   1982.4000	    690.6000	   2109.1000	    653.1000	   2218.6000	    620.1000	   2341.5000	    591.6000	   2421.0000	    574.0000	
   2029.6000	    638.3000	   2139.1000	    608.1000	   2229.7000	    582.6000	
   2323.5000	    564.6000	   2515.5000	    530.9000	   2628.0000	    510.8000	   2737.5000	    482.9000	
   2670.0000	    708.6000	   2737.5000	    809.1000	   2763.0000	    870.6000	   2806.5000	    950.7000	
   2517.8000	    865.6000	   2628.0000	    839.7000	   2701.5000	    832.1000	   2772.0000	    809.1000	   2845.0000	    789.9000	
   2517.8000	    970.4000	   2636.3000	    950.7000	   2757.0000	    922.9000	   2806.5000	    905.4000	
   2506.5000	    900.6000	   2628.0000	    875.9000	   2713.5000	    855.4000	   2794.3000	    839.7000	
   2586.8000	   1176.7000	   2687.5000	   1156.6000	   2757.0000	   1139.2000	   2838.0000	   1128.1000	
   2529.0000	   1067.2000	   2673.0000	   1035.6000	   2743.5000	   1018.4000	   2845.0000	    978.6000	
   2617.5000	    937.9000	   2599.5000	    912.7000	   2599.5000	    870.6000	   2586.8000	    824.9000	   2575.9000	    779.1000	
   2628.0000	    615.2000	   2752.5000	    599.1000	   2806.5000	    582.6000	   2727.0000	    468.7000	   2687.5000	    388.5000	   2617.5000	    248.4000	
   1693.6000	    510.8000	   1737.1000	    494.4000	   1822.6000	    468.7000	   1880.3000	    451.8000	   1935.4000	    431.8000	   2035.6000	    410.5000	   2149.9000	    381.7000	   2215.2000	    368.7000	   2332.5000	    344.4000	   2401.5000	    333.9000	   2520.0000	    299.2000	   2628.0000	    276.7000	
   2605.7000	    546.6000	   2644.5000	    564.6000	   2683.5000	    564.6000	   2727.0000	    549.6000	   2772.0000	    543.6000	
   2845.0000	    494.4000	   2701.5000	    286.7000	   2568.0000	     90.3000	
   2727.0000	      0.0000	   2737.5000	     62.6000	   2743.5000	    131.0000	   2764.5000	    195.0000	   2806.5000	    239.2000	   2838.0000	    257.2000	
   2715.1000	    306.3000	   2782.5000	    274.8000	   2845.0000	    354.5000	
   2662.2000	    227.4000	   2738.3000	    195.0000	   2806.5000	    179.0000	   2797.5000	    172.2000	   2845.0000	    152.2000	
   2605.7000	    144.8000	   2713.5000	    128.6000	   2780.0000	     95.3000	   2851.5000	     75.7000	
   1822.6000	     95.3000	   1897.6000	     90.3000	   1964.9000	     78.5000	   2049.1000	     67.0000	   2138.3000	     67.0000	   2229.7000	     54.0000	   2292.1000	     39.8000	   2341.5000	     28.4000	   2407.5000	     16.5000	
   2387.3000	    171.0000	   2352.0000	    115.0000	   2292.1000	     39.8000	
   1748.3000	    414.5000	   1851.1000	    393.8000	   1944.8000	    368.7000	   2035.6000	    357.3000	   2126.3000	    320.5000	   2287.5000	    292.3000	   2433.6000	    262.5000	   2550.0000	    239.2000	   2605.7000	    229.4000	
   2161.9000	      0.0000	   2236.5000	    144.8000	   2332.5000	    286.7000	   2352.0000	    344.4000	   2362.5000	    401.2000	
   2387.3000	    401.2000	   2433.6000	    514.4000	   2433.6000	    647.1000	   2445.0000	    870.6000	   2463.8000	   1013.1000	   2467.5000	   1041.6000	   2463.8000	   1131.7000	   2478.0000	   1227.6000	   2485.7000	   1306.7000	
   1443.1000	    378.7000	   1514.8000	    354.5000	   1580.9000	    337.1000	   1685.3000	    314.7000	   1788.1000	    292.3000	   1897.6000	    276.7000	
   1851.1000	    136.7000	   1901.3000	    221.1000	   1897.6000	    248.4000	   1922.6000	    320.5000	   1935.4000	    371.2000	
   1880.3000	    327.7000	   1964.9000	    306.3000	   2032.6000	    299.4000	
   1595.2000	    378.7000	   1643.4000	    378.7000	   1710.5000	    357.3000	   1748.3000	    344.4000	   1791.1000	    339.1000	   1827.8000	    354.5000	   1862.6000	    339.1000	
   2445.0000	    357.3000	   2454.0000	    414.5000	   2460.8000	    523.8000	   2436.5000	    610.5000	
   2515.5000	    417.0000	   2485.7000	    468.7000	   2478.0000	    530.9000	   2433.6000	    620.1000	
   1995.8000	    195.0000	   2145.1000	    159.7000	   2272.5000	    137.1000	   2463.8000	    105.4000	
   2229.1000	    128.6000	   2313.0000	    110.6000	   2379.8000	     87.0000	   2460.8000	     75.7000	
   1567.6000	      2.9000	   1665.8000	    150.2000	   1668.4000	    200.7000	   1670.3000	    239.2000	   1729.4000	    378.7000	
   2506.5000	     87.0000	   2550.0000	    189.8000	   2362.5000	    221.7000	   2218.6000	    254.0000	
   2445.0000	    239.2000	   2448.6000	    292.3000	   2478.0000	    347.4000	
   2506.5000	    234.1000	   2506.5000	    293.3000	   2538.0000	    306.3000	
   2362.5000	    326.0000	   2407.5000	    378.7000	   2445.0000	    401.2000	
   2138.3000	    221.1000	   2332.5000	    184.0000	   2448.6000	    165.5000	   2529.0000	    150.2000	
   2460.8000	      3.0000	   2559.0000	    152.2000	   2727.0000	    371.2000	   2845.0000	    518.6000	
   2320.5000	    388.5000	   2296.5000	    501.7000	   2284.5000	    647.1000	   2264.2000	    730.8000	   2218.6000	    905.4000	
    973.6000	    410.5000	   1021.6000	    574.0000	   1069.2000	    653.1000	
    989.3000	    638.3000	    996.1000	    542.5000	    980.8000	    452.0000	
   1010.9000	      0.0000	   1054.6000	    207.7000	   1094.8000	    378.7000	   1116.3000	    482.9000	
   1748.3000	     87.0000	   1744.6000	    159.7000	   1762.6000	    207.7000	   1771.6000	    276.7000	
   1812.1000	    270.2000	   1873.6000	    254.0000	   1951.6000	    239.1000	   2023.7000	    221.1000	
   2169.3000	    410.1000	   2149.9000	    227.4000	   2132.7000	     75.7000	   2132.7000	      0.0000	
    558.0000	      3.0000	    598.5000	     78.0000
      7.0000	     62.0000	     35.0000	     51.0000
    362.0000	      0.0000	    382.0000	     56.5000
    162.5000	    293.5000	    226.5000	    278.0000
    243.5000	    208.0000	    274.0000	    252.0000
    398.5000	     95.3000	    384.5000	     74.5000
    348.1000	    165.5000	    392.5000	    229.4000
    811.6000	    284.2000	    807.1000	    344.2000
      2.5000	    440.2000	     77.5000	    410.1000
      2.5000	    599.1000	     60.4000	    584.9000
     64.8000	    572.6000	    169.8000	    558.6000
     77.5000	    526.1000	    208.8000	    497.2000
    151.2000	    420.7000	    239.5000	    549.6000
     96.3000	    720.6000	    184.7000	    818.1000
    669.1000	    388.5000	    700.3000	    515.2000
    145.9000	    660.6000	    201.0000	    720.6000
    247.3000	    810.6000	    407.8000	   1023.6000
   1558.4000	      0.0000	   1567.6000	    184.0000
    982.6000	    660.6000	    973.6000	    978.6000
    742.8000	    429.7000	    787.6000	    515.2000
    811.6000	    522.6000	    828.9000	    570.6000
    567.1000	    779.1000	    558.0000	    861.0000
    348.1000	    675.6000	    402.5000	    741.6000
    205.9000	    956.2000	    232.5000	    988.0000
    258.8000	    981.9000	    283.5000	   1023.6000
    742.8000	    878.9000	    775.2000	    946.4000
    811.6000	    939.6000	    820.3000	    988.0000
    897.1000	    838.1000	    940.6000	    741.6000
    996.1000	   1227.6000	    904.7000	   1112.1000
    847.6000	    978.6000	    982.6000	    946.4000
   1146.5000	    653.1000	   1254.1000	    828.1000
   1216.6000	    836.1000	   1263.1000	    905.1000
   1713.1000	      9.8000	   1720.2000	     54.0000
   1771.6000	      3.0000	   1804.6000	     95.3000
   1357.4000	    286.7000	   1378.6000	    326.0000
   1485.1000	    357.3000	   1452.3000	    310.4000
    880.6000	    870.6000	    915.1000	    931.8000
     81.1000	   1119.6000	    312.5000	   1067.9000
      7.0000	   1112.1000	    157.2000	   1067.9000
    117.3000	    956.2000	    277.5000	    917.1000
     91.0000	    905.1000	    261.9000	    867.1000
    243.5000	   1042.8000	    363.0000	   1008.6000
    258.8000	   1104.6000	    292.5000	   1160.1000
    141.0000	   1150.4000	    228.0000	   1259.1000
    169.8000	   1277.1000	    354.6000	   1227.6000
      7.0000	   1277.1000	     48.2000	   1355.1000
     48.2000	   1112.1000	     99.0000	   1186.7000
     64.8000	   1104.6000	     99.0000	   1158.7000
    205.9000	   1053.6000	    228.0000	   1088.1000
    184.7000	   1070.9000	    201.0000	   1088.1000
    232.5000	   1186.7000	    271.1000	   1250.0000
    447.2000	   1241.1000	    498.0000	   1317.3000
    447.2000	   1093.7000	    462.0000	   1119.6000
    533.5000	   1106.7000	    548.8000	   1131.7000
    548.8000	   1196.6000	    588.5000	   1235.9000
    684.7000	   1279.2000	    684.7000	   1046.2000
    706.6000	   1088.1000	    775.2000	   1186.7000
    765.2000	   1053.6000	    787.6000	   1399.3000
    887.9000	   1169.9000	    904.6000	   1162.7000
    934.2000	   1149.4000	   1087.6000	   1106.7000
   1021.6000	   1131.7000	   1050.7000	   1196.6000
    967.7000	   1140.1000	   1010.9000	   1204.8000
    967.7000	   1023.6000	    962.2000	   1106.7000
   1744.6000	    828.1000	   1636.6000	    669.9000
   1434.1000	   1172.4000	   1405.0000	   1106.7000
   1302.8000	   1179.6000	   1281.5000	   1133.6000
    456.8000	   1406.1000	    523.4000	   1469.1000
    477.4000	   1385.9000	    513.3000	   1427.1000
    390.3000	   1365.6000	    196.8000	   1418.4000
    198.0000	   1509.0000	    136.8000	   1412.5000
    782.4000	   1406.1000	    676.6000	   1425.2000
    828.9000	   1451.1000	   1030.6000	   1412.5000
     73.6000	   1785.6000	    312.5000	   1754.1000
    167.4000	   1670.6000	    193.0000	   1713.6000
    167.4000	   1552.3000	    196.8000	   1602.6000
    206.7000	   1542.6000	    239.5000	   1592.1000
    327.5000	   1692.1000	    506.5000	   1658.1000
    579.1000	   1626.6000	    796.6000	   1577.4000
   1499.6000	   1373.9000	   1525.6000	   1431.8000
   1533.1000	   1451.1000	   1642.6000	   1626.6000
   1525.6000	   1443.6000	   1699.6000	   1406.1000
   1491.3000	   1518.6000	   1558.6000	   1502.9000
   1543.6000	   1532.1000	   1693.6000	   1499.1000
   1596.1000	   1585.3000	   1783.6000	   1542.6000
   1227.9000	   1692.1000	   1349.7000	   1650.6000
   1374.1000	   1626.6000	   1533.1000	   1592.1000
    841.6000	   1341.6000	    880.6000	   1392.0000
    853.9000	   1427.1000	    915.1000	   1499.1000
    880.6000	   1679.1000	    962.2000	   1829.1000
    811.6000	   1640.1000	    853.9000	   1736.5000
    684.7000	   1769.8000	    684.7000	   1875.6000
    751.6000	   1742.1000	    751.6000	   1897.2000
    684.7000	   1947.6000	    700.3000	   2036.1000
    742.8000	   1947.6000	    742.8000	   2106.6000
    426.1000	   1785.6000	    533.5000	   2019.6000
    219.2000	   1881.6000	    327.5000	   1875.6000
    970.7000	   1983.6000	   1030.6000	   2106.6000
   1212.5000	   1846.8000	   1276.6000	   1991.8000
   1131.1000	   1967.1000	   1166.4000	   2036.1000
   1148.7000	   2052.6000	   1188.1000	   2135.1000
   1116.3000	   2093.8000	   1166.4000	   2202.6000
    873.4000	   1769.8000	   1021.6000	   1754.1000
   1089.9000	   1742.1000	   1062.7000	   1846.8000
    489.5000	   1499.1000	    676.6000	   1469.1000
    700.3000	   1451.1000	    813.1000	   1425.2000
   1685.3000	   1640.1000	   1731.1000	   1794.4000
   1491.3000	   1748.1000	   1567.6000	   1902.6000
   1587.8000	   1919.3000	   1671.1000	   2027.1000
   1342.6000	   1908.6000	   1580.9000	   1862.1000
   1245.1000	   1862.1000	   1408.6000	   1819.6000
    417.0000	   1928.1000	    594.1000	   1897.2000
    472.6000	   2001.6000	    541.2000	   2001.6000
    669.1000	   1790.5000	    807.1000	   1762.0000
    533.5000	   2261.1000	    548.8000	   2333.1000
    401.0000	   2333.1000	    372.5000	   2240.8000
    700.3000	   2181.6000	    807.1000	   2349.6000
   1453.6000	   2045.1000	   1558.6000	   2196.6000
   1612.6000	   2261.1000	   1685.3000	   2372.1000
   1227.9000	   2655.5000	   1265.1000	   2789.0000
   1759.6000	   2196.6000	   1816.6000	   2286.9000
   1649.0000	   2106.6000	   1693.6000	   2171.1000
   1640.0000	   2181.6000	   1685.3000	   2285.1000
   1685.3000	   1776.2000	   1716.1000	   1902.6000
   1537.6000	   1713.6000	   1596.1000	   1802.1000
   1342.6000	   1947.6000	   1558.6000	   1908.6000
   1349.7000	   1965.6000	   1392.1000	   2027.1000
    807.1000	   1908.6000	   1021.6000	   1862.1000
    585.1000	   2550.5000	    723.1000	   2534.1000
    700.3000	   2469.6000	    723.1000	   2523.6000
     34.7000	   1885.3000	     75.2000	   2135.1000
    105.2000	   2019.6000	    144.2000	   2202.6000
    156.2000	   2093.8000	    162.2000	   2223.6000
    876.1000	   3057.5000	    853.6000	   3269.0000
    903.1000	   3468.0000	    853.6000	   3279.5000
    562.6000	   3327.5000	    555.1000	   3189.5000
    558.9000	   3057.5000	    555.1000	   2892.5000
    533.5000	   2930.0000	    533.5000	   2811.5000
    135.2000	   2405.4000	    162.2000	   2600.0000
      0.0000	   2542.3000	    151.5000	   2523.6000
     19.7000	   2592.5000	     96.6000	   2586.5000
    217.7000	   3426.5000	    204.2000	   3041.0000
    210.9000	   2954.0000	    223.9000	   2777.0000
      5.3000	   2985.5000	    204.2000	   2975.0000
     81.2000	   3096.5000	    195.2000	   3087.5000
    117.2000	   3179.0000	    204.2000	   3171.5000
    112.0000	   3233.8000	    204.2000	   3221.0000
    138.2000	   3279.5000	    195.2000	   3279.5000
    195.2000	   2936.0000	    355.6000	   2930.0000
    807.1000	   2994.5000	    921.4000	   2985.5000
    814.6000	   2930.0000	    955.6000	   2907.5000
    753.7000	   2765.0000	    892.6000	   2744.0000
   1216.6000	   2789.0000	   1258.6000	   2907.5000
   1258.6000	   2936.0000	   1318.6000	   3077.0000
   1188.1000	   2892.5000	   1216.6000	   3058.8000
   1309.6000	   2961.5000	   1357.4000	   3034.3000
    942.1000	   3150.5000	    969.1000	   3258.5000
   1035.1000	   3258.5000	   1015.6000	   3386.0000
   1035.1000	   3077.0000	   1095.1000	   3243.5000
    980.8000	   2858.8000	   1074.1000	   2918.8000
   1002.1000	   2888.8000	   1053.1000	   3017.0000
   1816.6000	   3269.0000	   1918.6000	   3468.0000
   1612.6000	   3160.3000	   1710.1000	   3468.0000
   1693.6000	   3322.3000	   1731.1000	   3401.0000
   1416.1000	   2907.5000	   1482.1000	   3096.5000
   1449.1000	   2930.0000	   1594.6000	   2907.5000
   1422.5000	   2759.1000	   1461.1000	   2865.5000
   1482.1000	   2534.1000	   1533.1000	   2690.0000
    892.6000	   2485.7000	    942.1000	   2655.5000
   1956.1000	   3243.5000	   2029.6000	   3401.0000
   1938.1000	   2759.1000	   2104.6000	   3058.8000
   2163.1000	   3150.3000	   2268.0000	   3287.0000
   1956.1000	   3407.0000	   1983.1000	   3468.0000
   1209.1000	   2297.1000	   1318.6000	   2274.6000
   1911.1000	   2181.6000	   1911.1000	   2409.6000
   1842.1000	   2637.5000	   1983.1000	   2618.0000
   1569.5000	   2511.6000	   1693.6000	   2499.9000
   2188.6000	   2832.5000	   2188.6000	   2415.6000
   2383.5000	   3269.0000	   2410.5000	   3407.0000
   2397.0000	   3420.5000	   2410.5000	   3468.0000
   2494.5000	   3468.0000	   2475.0000	   3401.0000
   2628.0000	   3468.0000	   2593.5000	   3150.5000
   2425.5000	   2849.2000	   2383.5000	   2777.0000
   2340.0000	   2770.3000	   2335.0000	   2679.0000
   2104.6000	   2649.5000	   2268.0000	   2624.0000
   2017.9000	   2528.1000	   2176.6000	   2499.9000
   2076.1000	   2445.6000	   2186.3000	   2433.6000
   1938.1000	   2297.1000	   2053.6000	   2285.1000
   1848.1000	   2196.6000	   2046.1000	   2148.2000
   1693.6000	   2712.5000	   1693.6000	   2838.5000
   1606.6000	   3006.5000	   1685.3000	   2997.9000
   1594.6000	   2975.7000	   1780.6000	   2952.9000
   1956.1000	   3233.0000	   2082.1000	   3212.0000
   1956.1000	   3138.5000	   1992.8000	   3222.5000
   2116.6000	   2013.6000	   2268.0000	   1983.6000
   1995.8000	   1862.1000	   2235.0000	   1802.1000
   2454.8000	   1872.6000	   2616.0000	   1840.9000
   2529.0000	   2001.6000	   2691.0000	   1965.6000
   2580.0000	   1956.6000	   2529.0000	   1862.1000
   2511.0000	   1662.6000	   2565.0000	   1734.0000
   2311.5000	   2093.8000	   2350.5000	   2172.4000
   2554.5000	   2379.6000	   2565.0000	   2426.1000
   2545.5000	   2499.9000	   2545.5000	   2433.6000
   2277.0000	   1885.3000	   2301.0000	   1937.1000
   1780.6000	   2106.6000	   1824.1000	   2106.6000
   1802.3000	   2120.8000	   1861.6000	   2115.6000
   1640.0000	   2457.6000	   1708.2000	   2433.6000
   1959.1000	   1164.1000	   1969.6000	   1267.9000
   2109.1000	   1530.6000	   2169.3000	   1515.6000
   2109.1000	   1585.3000	   2218.6000	   1561.8000
   2138.3000	   1412.5000	   2115.4000	   1341.6000
   2126.3000	   1479.9000	   2395.5000	   1424.9000
   2188.6000	   1713.6000	   2268.0000	   1690.8000
   2076.1000	   1350.6000	   2202.1000	   1327.4000
   1880.3000	   1396.4000	   2040.1000	   1358.3000
   2115.4000	   1115.1000	   2076.1000	   1057.6000
   1977.1000	    846.6000	   2082.1000	   1018.4000
   2511.0000	   1460.7000	   2655.0000	   1734.0000
   2379.8000	    984.6000	   2352.0000	    925.6000
   2109.1000	   1079.5000	   2214.7000	   1057.6000
   2176.6000	    638.3000	   2169.3000	    451.8000
   2049.1000	    638.3000	   2115.4000	    779.1000
   2126.9000	    779.1000	   2172.9000	    870.6000
   1947.1000	    429.7000	   2049.1000	    599.1000
   2323.5000	   1047.6000	   2264.2000	    970.4000
   2341.5000	   1128.1000	   2323.5000	   1090.0000
   2244.7000	   1057.6000	   2214.7000	   1003.4000
   1998.1000	    953.2000	   2091.1000	    932.5000
   1901.3000	    995.9000	   1969.6000	    978.6000
   1930.6000	   1013.1000	   1917.4000	    991.9000
   1880.3000	    955.1000	   1964.9000	    939.8000
   1710.5000	    720.4000	   1748.3000	    759.6000
   1609.6000	   1255.6000	   1677.1000	   1235.9000
   1624.6000	   1247.1000	   1606.7000	   1216.0000
   1580.9000	    819.6000	   1609.6000	    859.8000
   1263.1000	    697.4000	   1329.1000	    809.1000
   1637.0000	    420.7000	   1685.3000	    545.1000
   1677.1000	    554.6000	   1748.3000	    542.5000
   2556.0000	    533.2000	   2617.5000	    614.9000
   2845.0000	    708.7000	   2743.5000	    549.6000
   2713.5000	    564.6000	   2661.5000	    497.2000
   2838.0000	    984.6000	   2806.5000	    942.9000
   2822.3000	    934.1000	   2772.0000	    867.1000
   2533.5000	    855.4000	   2506.5000	    789.9000
   2568.0000	    306.3000	   2628.0000	    388.5000
   2673.0000	    414.5000	   2712.0000	    489.4000
   2845.0000	    460.3000	   2785.5000	    388.5000
   2617.5000	     75.7000	   2661.5000	    136.7000
   2636.3000	    136.7000	   2701.5000	    207.7000
   2753.6000	     95.3000	   2806.5000	    179.0000
   2760.0000	      3.0000	   2806.5000	     95.3000
   2760.0000	     67.0000	   2845.0000	     31.9000
   1798.6000	     28.4000	   1867.6000	    128.6000
   2421.0000	      3.0000	   2506.5000	    152.2000
   2308.5000	    184.0000	   2332.5000	    221.7000
   2214.7000	    388.5000	   2248.5000	    424.4000
   2202.1000	    320.5000	   2218.6000	    339.1000
   2115.4000	    339.1000	   2149.9000	    381.7000
   2161.9000	    393.8000	   2194.6000	    440.2000
   2308.5000	    333.9000	   2428.4000	    501.7000
   1901.3000	      2.9000	   1930.6000	     55.9000
   1791.1000	    378.7000	   1670.3000	    189.8000
   2178.2000	    227.4000	   2201.7000	    257.2000
   1956.4000	    257.2000	   2091.1000	    221.1000
   1414.6000	    451.4000	   1414.6000	    564.6000
   1468.7000	    549.6000	   1471.5000	    653.1000
   1254.1000	    440.2000	   1276.6000	    286.7000
   1230.7000	    221.7000	   1125.1000	     49.1000
   1125.1000	      2.9000	   1105.6000	    165.5000
