   1497.0000	      0.0000	   1579.0000	    122.0000	   1763.0000	    368.0000	   1899.0000	    556.0000	   2073.0000	    782.0000	   2147.0000	    874.0000	
    269.0000	    744.0000	    339.0000	    842.0000	    457.0000	   1026.0000	    525.0000	   1134.0000	    611.0000	   1228.0000	
    951.0000	    758.0000	   1167.0000	   1016.0000	   1383.0000	   1276.0000	
    691.0000	      0.0000	    775.0000	    128.0000	    915.0000	    302.0000	   1021.0000	    437.0000	   1057.0000	    484.0000	
    973.0000	      0.0000	   1027.0000	    121.0000	   1117.0000	    318.0000	   1179.0000	    437.0000	
   1209.0000	     62.0000	   1179.0000	     10.0000	   1209.0000	     72.0000	
      0.0000	    364.0000	     97.0000	    484.0000	    199.0000	    618.0000	
   1325.0000	     62.0000	   1481.0000	    232.0000	   1573.0000	    346.0000	   1627.0000	    414.0000	
   1941.0000	    918.0000	   2013.0000	   1048.0000	   2067.0000	   1180.0000	   2087.0000	   1228.0000	
    799.0000	   2636.0000	    815.0000	   2682.0000	    833.0000	   2796.0000	    857.0000	   2898.0000	    905.0000	   3062.0000	    923.0000	   3100.0000	
   1407.0000	   2280.0000	   1553.0000	   2432.0000	   1623.0000	   2530.0000	   1753.0000	   2666.0000	   1857.0000	   2788.0000	   1929.0000	   2856.0000	   1981.0000	   2912.0000	
   1957.0000	   2912.0000	   2011.0000	   2978.0000	   2063.0000	   3064.0000	
   2329.0000	   1668.0000	   2401.0000	   1776.0000	   2459.0000	   1832.0000	   2573.0000	   1950.0000	   2629.0000	   2012.0000	
    373.0000	   2210.0000	    469.0000	   2340.0000	    593.0000	   2512.0000	    693.0000	   2650.0000	
      0.0000	    766.0000	    173.0000	    944.0000	    315.0000	   1098.0000	
    345.0000	   1086.0000	    383.0000	   1172.0000	    491.0000	   1276.0000	    541.0000	   1318.0000	
    681.0000	   1474.0000	    845.0000	   1648.0000	    923.0000	   1740.0000	    997.0000	   1826.0000	   1037.0000	   1906.0000	
    315.0000	    736.0000	    219.0000	    484.0000	    135.0000	    314.0000	     83.0000	    188.0000	
    115.0000	    188.0000	    215.0000	    314.0000	    295.0000	    414.0000	
    199.0000	     72.0000	    241.0000	    144.0000	    315.0000	    294.0000	    253.0000	    318.0000	    125.0000	    364.0000	      0.0000	    402.0000	
     83.0000	      0.0000	    157.5000	     84.0000	    223.0000	    166.0000	
      0.0000	    504.0000	    153.0000	    462.0000	    279.0000	    414.0000	    389.0000	    383.3000	    487.0000	    352.0000	    595.0000	    301.0000	
    709.0000	    294.0000	    819.0000	    251.0000	    925.0000	    218.5000	    973.0000	    198.0000	   1076.0000	    166.0000	   1167.0000	    144.0000	   1269.0000	    108.0000	
   1037.0000	    142.9000	   1194.0000	     83.0000	   1325.0000	     34.0000	   1425.0000	     10.0000	
    669.0000	      0.0000	    723.0000	     76.4000	    749.0000	    166.0000	    795.0000	    260.4000	
    805.0000	    274.0000	    849.0000	    364.0000	    909.0000	    484.0000	    951.0000	    570.0000	
      0.0000	   1114.0000	    153.0000	   1040.0000	    345.0000	    956.0000	    499.0000	    890.0000	    651.0000	    826.0000	    732.0000	    800.0000	
    131.5000	    901.3000	    295.0000	    858.0000	    477.0000	    800.0000	    595.0000	    758.0000	
      0.0000	    864.0000	    179.0000	    800.0000	    223.0000	    800.0000	    345.0000	    782.0000	    411.0000	    758.0000	
      0.0000	    811.0000	    123.0000	    766.0000	    191.0000	    744.0000	
     30.8000	    495.6000	    115.0000	    608.0000	    191.0000	    671.0000	    223.0000	    736.0000	
     95.5000	    714.0000	    169.0000	    692.0000	    231.0000	    692.0000	    395.0000	    636.0000	    465.0000	    615.8000	    529.0000	    598.0000	
      0.0000	    688.0000	    126.9000	    656.0000	    235.0000	    618.0000	    345.0000	    584.0000	    440.0000	    548.0000	    541.0000	    504.0000	    691.0000	    462.0000	
      0.0000	    615.8000	    126.9000	    570.0000	    205.5000	    546.0000	    329.0000	    504.0000	
    281.0000	    462.0000	    329.0000	    559.9000	    395.0000	    636.0000	
      9.0000	    549.0000	    153.0000	    495.6000	    191.0000	    484.0000	    247.0000	    470.0000	    374.5000	    426.7000	    497.0000	    383.3000	    541.0000	    364.0000	
    541.0000	    326.5000	    651.0000	    551.0000	    691.0000	    636.0000	
    579.0000	    314.0000	    605.0000	    359.1000	    669.0000	    470.0000	
    425.0000	      0.0000	    529.0000	    136.0000	    651.0000	    314.0000	
    374.5000	      0.0000	    487.0000	    121.0000	    595.0000	    251.0000	
    637.0000	    477.1000	    709.0000	    575.0000	    769.0000	    656.0000	
    691.0000	    671.0000	    841.0000	    626.0000	    878.0000	    615.8000	
    815.0000	    598.0000	    893.0000	    588.0000	   1037.0000	    559.9000	   1231.0000	    504.0000	   1415.0000	    437.0000	   1509.0000	    422.0000	
    247.0000	    714.0000	    425.0000	    656.0000	    559.0000	    626.0000	
    395.0000	    744.0000	    541.0000	    696.0000	    605.0000	    670.0000	
    297.5000	    884.0000	    329.0000	    986.0000	    338.0000	   1040.0000	
     24.5000	   1242.0000	    109.9000	   1214.0000	    191.0000	   1178.0000	    237.0000	   1140.5000	    338.0000	   1098.0000	    403.0000	   1068.7000	    484.8000	   1032.0000	    579.0000	    973.5000	    685.0000	    962.0000	
      0.0000	   1436.0000	    173.0000	   1356.0000	    329.0000	   1294.0000	    521.0000	   1242.0000	    691.0000	   1195.0000	    749.0000	   1174.1000	
     99.5000	   1305.1000	    205.0000	   1258.0000	    329.0000	   1195.0000	    425.0000	   1158.0000	    484.8000	   1140.5000	
    475.0000	   1158.0000	    624.0000	   1114.0000	    759.0000	   1073.0000	
    109.9000	   1214.0000	    157.5000	   1318.0000	    199.0000	   1382.0000	
    131.5000	   1392.0000	    354.8000	   1362.0000	    500.0000	   1328.0000	    595.0000	   1290.5000	    784.5000	   1222.8000	   1011.0000	   1140.5000	   1162.0000	   1086.0000	
    769.0000	   1140.5000	   1027.0000	   1068.7000	   1147.0000	   1039.3000	
    841.0000	   1000.0000	   1167.0000	    910.0000	   1349.0000	    856.0000	   1461.0000	    807.0000	   1593.0000	    766.0000	   1649.0000	    744.0000	   1677.0000	    723.8000	
    719.0000	    945.8000	    951.0000	    874.0000	   1179.0000	    800.0000	   1311.0000	    758.0000	   1415.0000	    714.0000	
    958.0000	    696.0000	   1076.0000	    656.0000	   1194.0000	    626.0000	
   1194.0000	    166.0000	   1281.0000	    260.4000	   1341.0000	    314.0000	   1369.5000	    359.1000	
    823.0000	    551.0000	    958.0000	    510.0000	   1013.5000	    510.0000	   1089.0000	    462.0000	   1209.0000	    426.7000	   1353.0000	    366.8000	   1489.0000	    326.5000	   1665.0000	    274.0000	   1789.0000	    237.0000	   1929.0000	    188.0000	   2087.0000	    130.2000	   2187.0000	     96.0000	
   2387.0000	     10.0000	   2245.0000	     41.0000	   2097.0000	     96.0000	   2261.0000	     76.4000	   2377.0000	     68.0000	   2501.0000	     24.2000	   2571.0000	     10.0000	
    990.0000	    383.3000	   1259.0000	    294.0000	   1415.0000	    242.0000	   1587.0000	    188.0000	   1715.0000	    144.0000	   1777.0000	    136.0000	   1975.0000	     72.0000	   2147.0000	      0.0000	
    874.0000	    314.0000	   1023.0000	    262.5000	   1109.0000	    237.0000	   1162.0000	    237.0000	   1299.0000	    157.0000	   1415.0000	    108.0000	   1613.0000	     41.0000	   1719.0000	      0.0000	
   1269.0000	    191.7000	   1449.0000	    166.0000	   1627.0000	    125.5000	   1749.0000	     83.0000	   1923.0000	     28.0000	   2005.0000	      0.0000	
   1751.0000	    352.0000	   1831.1000	    326.5000	   1907.0000	    326.5000	   1993.0000	    326.5000	   2111.0000	    294.0000	   2265.0000	    251.0000	   2387.0000	    201.0000	   2501.0000	    208.0000	   2621.0000	    179.1000	   2705.0000	    144.0000	
   2647.0000	     72.0000	   2479.0000	    121.0000	   2369.0000	    130.2000	   2261.0000	    166.0000	   2014.0000	    262.5000	   1831.1000	    326.5000	
   2097.0000	      0.0000	   2213.0000	    144.0000	   2329.0000	    326.5000	   2405.0000	    422.0000	
   2405.0000	      0.0000	   2499.0000	    166.0000	   2571.0000	    274.0000	   2725.0000	    484.0000	
   2014.0000	    549.0000	   2179.0000	    504.0000	   2339.0000	    456.5000	   2405.0000	    437.0000	   2509.0000	    422.0000	   2725.0000	    364.0000	
   2291.0000	     10.0000	   2369.5000	    108.0000	   2447.0000	    282.3000	   2463.0000	    326.5000	   2507.0000	    385.5000	   2565.0000	    470.0000	
   2589.0000	    510.0000	   2705.0000	    656.0000	   2725.0000	    688.0000	
    759.0000	    884.0000	    909.0000	    829.9000	   1047.0000	    766.0000	   1121.0000	    736.0000	   1341.0000	    670.0000	   1476.0000	    634.5000	
    815.0000	    188.0000	    951.0000	    166.0000	   1027.0000	    121.0000	
    830.6000	     95.8000	    931.5000	     83.0000	   1037.0000	     48.4000	   1162.0000	      0.0000	
   1519.0000	   1010.0000	   1651.0000	   1162.0000	   1694.0000	   1218.0000	
   1713.0000	   1254.0000	   1799.0000	   1382.0000	   1843.0000	   1428.0000	
   2428.0000	   1934.0000	   2241.0000	   1550.0000	   2133.0000	   1305.1000	   2280.5000	   1266.0000	
   2055.0000	   2012.0000	   2269.0000	   2228.0000	   2361.0000	   2320.0000	
   2531.0000	   2480.0000	   2641.0000	   2720.0000	   2725.0000	   2912.0000	
    169.0000	   3192.0000	    373.0000	   3100.0000	    497.0000	   3052.0000	    601.0000	   3000.0000	    725.0000	   2956.0000	    799.0000	   2934.0000	    923.0000	   2902.0000	   1107.0000	   2868.0000	   1235.0000	   2844.0000	
    902.1000	   3052.0000	   1037.0000	   2978.0000	   1211.0000	   2868.0000	   1362.5000	   2766.0000	
      7.0000	   3100.0000	    273.0000	   3018.0000	    499.0000	   2930.0000	    711.0000	   2844.0000	    935.0000	   2766.0000	   1132.3000	   2708.0000	
   1573.3000	   2610.0000	   1831.0000	   2546.0000	   2010.0000	   2490.0000	
    189.0000	   2338.0000	    303.0000	   2506.0000	    395.0000	   2674.0000	
     27.0000	   2988.0000	    219.0000	   2930.0000	    495.0000	   2844.0000	
      0.0000	   2820.0000	    189.0000	   2766.0000	    325.0000	   2722.0000	
    345.0000	   2744.0000	    569.6000	   2688.0000	    735.0000	   2674.0000	    815.0000	   2682.0000	
   1077.0000	   2538.0000	   1157.0000	   2766.0000	   1179.0000	   2832.0000	   1197.0000	   2916.0000	   1295.0000	   3192.0000	
   1843.0000	   3000.0000	   1905.0000	   3082.0000	   1929.0000	   3152.0000	   1947.0000	   3192.0000	
   1883.0000	   2958.0000	   1957.0000	   3082.0000	   2010.0000	   3192.0000	
   1873.0000	   3000.0000	   1981.0000	   2972.0000	   2031.0000	   2958.0000	
   1908.4000	   2836.5000	   1999.0000	   2820.0000	   2133.0000	   2798.0000	   2265.0000	   2744.0000	   2361.0000	   2722.0000	
   2087.0000	   2636.0000	   2231.0000	   2596.0000	   2349.0000	   2577.0000	   2479.0000	   2526.0000	   2646.0000	   2440.0000	
    815.0000	   2722.0000	    799.0000	   2912.0000	    799.0000	   3018.0000	
      7.0000	   2766.0000	    189.0000	   2698.0000	    373.0000	   2665.0000	    521.0000	   2620.0000	    743.0000	   2550.0000	
    153.0000	   2538.0000	    352.3000	   2480.0000	    580.0000	   2398.0000	
    163.0000	   2650.0000	    292.0000	   2618.0000	    395.0000	   2604.0000	    605.0000	   2528.6000	
    411.0000	   2528.6000	    477.0000	   2506.0000	    605.0000	   2480.0000	    681.0000	   2468.0000	
    243.3000	   2418.0000	    384.0000	   2360.0000	    546.0000	   2310.0000	
     27.0000	   2408.0000	    153.0000	   2386.0000	    325.0000	   2338.0000	    580.0000	   2260.0000	
    163.0000	   2228.0000	    325.0000	   2166.0000	    384.0000	   2142.0000	    423.0000	   2166.0000	    561.0000	   2116.0000	    786.0000	   2056.0000	
    995.0000	   2012.0000	   1230.0000	   1946.0000	   1555.0000	   1854.0000	   1855.0000	   1762.0000	
   1873.0000	   1714.0000	   2151.0000	   1619.5000	   2229.0000	   1596.0000	   2361.0000	   1538.0000	   2428.0000	   1506.0000	
   2499.0000	   1732.0000	   2595.0000	   1887.0000	   2650.0000	   1970.0000	
   2407.0000	   1866.0000	   2521.0000	   1840.0000	   2628.0000	   1793.0000	   2725.0000	   1774.0000	
   2469.0000	   1784.0000	   2566.0000	   1762.0000	   2650.0000	   1744.0000	   2725.0000	   1724.0000	
   1589.0000	   2398.0000	   1815.0000	   2334.0000	   2047.0000	   2260.0000	
   1606.5000	   2047.0000	   1873.0000	   2004.0000	   2140.0000	   1944.0000	
   1671.0000	   1995.5000	   1943.0000	   1906.0000	   2115.0000	   1874.0000	
   1021.0000	   2408.0000	   1193.0000	   2360.0000	   1353.0000	   2313.0000	
    757.0000	   2338.0000	   1021.0000	   2260.0000	   1230.0000	   2213.0000	
      7.0000	   2220.0000	    169.0000	   2142.0000	    495.0000	   2018.0000	    631.0000	   2004.0000	    702.0000	   1982.9000	
    249.0000	   1995.5000	    474.5000	   1929.7000	    631.0000	   1887.0000	    845.0000	   1796.4000	
    205.0000	   1887.0000	    459.0000	   1846.1000	    618.0000	   1812.0000	    757.0000	   1774.0000	    879.0000	   1748.0000	    995.0000	   1714.0000	   1143.0000	   1619.5000	   1262.5000	   1554.0000	
   1303.0000	   1596.0000	   1471.0000	   1554.0000	   1704.3000	   1496.0000	   1840.0000	   1448.0000	   2014.0000	   1402.0000	   2097.0000	   1372.0000	   2255.0000	   1318.0000	   2385.0000	   1286.0000	   2597.0000	   1211.0000	   2685.0000	   1184.0000	
   1580.8000	   1572.0000	   1763.0000	   1518.0000	   1929.0000	   1474.0000	   1999.0000	   1456.0000	
    835.0000	   1572.0000	   1071.0000	   1506.0000	   1303.0000	   1436.0000	   1531.0000	   1354.0000	   1660.4000	   1318.0000	   1893.0000	   1276.0000	
   2097.0000	   1732.0000	   2280.5000	   1661.5000	   2407.0000	   1633.0000	   2628.0000	   1583.5000	   2505.5000	   1428.0000	   2457.0000	   1354.0000	
   2329.0000	   1730.7000	   2469.0000	   1690.0000	   2567.4000	   1668.5000	
   2437.0000	   1218.0000	   2231.0000	    986.0000	   2072.0000	    822.4000	
    786.0000	   1934.0000	    993.5000	   1906.0000	   1143.0000	   1887.0000	   1208.1000	   1866.0000	
      7.0000	   1924.0000	    169.0000	   1874.0000	    394.6000	   1805.0000	    477.0000	   1762.0000	    646.7000	   1690.0000	
      7.0000	   1846.1000	    189.0000	   1793.0000	    300.6000	   1774.0000	    477.0000	   1699.6000	    636.0000	   1661.5000	
   1476.0000	   1714.0000	   1573.3000	   1668.0000	   1660.4000	   1678.0000	   1694.3000	   1655.5000	   1822.0000	   1610.0000	   2014.0000	   1554.0000	
    486.2000	   1365.5000	    224.1000	   1456.0000	    115.0000	   1482.0000	      9.0000	   1528.0000	    105.0000	   1704.0000	
      7.0000	   1600.0000	    143.0000	   1554.0000	    246.4000	   1554.0000	    374.5000	   1514.0000	
    354.8000	   1428.0000	    425.0000	   1543.0000	    573.0000	   1735.3000	
      7.0000	   1741.5000	    164.5000	   1704.0000	    363.2000	   1668.0000	    611.0000	   1600.0000	
    491.0000	   1276.0000	    508.8000	   1456.0000	    538.0000	   1543.0000	    573.0000	   1610.0000	
    603.2000	   1380.2000	    874.0000	   1283.1000	   1037.0000	   1218.0000	
    666.5000	   1276.0000	    694.0000	   1305.1000	    709.0000	   1380.2000	    717.8000	   1414.0000	
    784.5000	   1474.0000	    874.0000	   1450.0000	    951.0000	   1439.0000	   1071.0000	   1414.0000	   1241.0000	   1359.8000	
   1115.0000	   1456.0000	   1296.5000	   1394.5000	   1393.0000	   1354.0000	   1519.0000	   1325.1000	   1731.5000	   1254.0000	   1933.0000	   1174.1000	   2115.0000	   1106.2000	
   2231.0000	   1114.0000	   2433.0000	   1038.0000	   2551.0000	   1012.7000	   2657.0000	   1000.0000	   2725.0000	    971.0000	
   2190.0000	   1050.4000	   2405.0000	    986.0000	   2589.0000	    918.0000	   2725.0000	    874.0000	
    973.0000	   1380.2000	   1271.0000	   1299.1000	   1425.0000	   1242.0000	
   1425.0000	   1222.8000	   1580.8000	   1181.2000	   1731.5000	   1136.8000	   1873.0000	   1089.9000	
   1873.0000	   1106.2000	   2075.0000	   1042.5000	   2305.0000	    957.0000	   2532.0000	    864.0000	   2725.0000	    744.0000	
   2532.0000	    878.6000	   2650.0000	   1025.2000	   2725.0000	   1118.2000	
   2115.0000	    901.3000	   2296.0000	    856.0000	   2507.0000	    766.0000	   2670.2000	    707.0000	
   1713.0000	    957.0000	   1981.0000	    856.0000	   2171.0000	    786.0000	   2280.5000	    736.0000	
   2369.5000	    723.8000	   2499.0000	    707.0000	   2643.6000	    661.0000	   2725.0000	    643.4000	
   2097.0000	    945.8000	   2305.0000	    891.7000	   2369.5000	    856.0000	
   1306.6000	   1184.0000	   1408.8000	   1156.3000	   1463.0000	   1136.8000	   1555.0000	   1114.0000	   1727.5000	   1086.0000	   1873.3000	   1050.4000	   2031.0000	    990.3000	
   2005.0000	    943.6000	   2203.0000	   1195.0000	   2362.5000	   1388.5000	
   1953.0000	   1354.0000	   2039.0000	   1464.0000	   2147.0000	   1610.0000	
   1627.0000	   1211.0000	   1704.3000	   1368.4000	   1415.0000	   1353.3000	   1463.0000	   1400.5000	
   1194.0000	   1025.2000	   1408.8000	    957.0000	   1573.3000	    891.7000	   1731.5000	    860.8000	   1791.6000	    846.5000	
   1671.5000	    846.5000	   1831.3000	    800.0000	   1983.0000	    744.0000	
   1349.0000	    884.0000	   1489.0000	    846.5000	   1568.5000	    807.0000	   1704.3000	    766.0000	   1843.0000	    723.8000	   1956.0000	    688.0000	   2075.0000	    643.4000	   2171.0000	    626.0000	   2339.0000	    605.3000	   2507.0000	    549.0000	   2670.2000	    510.0000	
   1777.0000	    671.0000	   1893.0000	    643.4000	   1994.0000	    618.0000	
   1999.0000	    599.0000	   2151.0000	    566.6000	   2208.0000	    582.0000	   2278.5000	    575.0000	   2387.0000	    540.9000	   2407.0000	    534.0000	
   2296.0000	    301.0000	   2051.2000	    392.0000	   1912.5000	    446.7000	   1778.0000	    491.0000	   1763.0000	    491.0000	   1660.4000	    522.0000	
   1439.0000	    582.0000	   1573.3000	    549.0000	   1745.0000	    534.0000	   1777.0000	    534.0000	
   1476.0000	    688.0000	   1606.5000	    644.5000	   1731.5000	    612.5000	   1800.0000	    575.0000	   1879.5000	    575.0000	
    874.0000	    925.1000	   1007.0000	    901.3000	   1133.0000	    878.6000	   1287.0000	    829.9000	   1452.0000	    766.0000	
   1317.0000	   1106.2000	   1503.5000	   1040.0000	   1649.0000	    986.0000	   1713.0000	    957.0000	
   1325.0000	   1140.5000	   1476.0000	   1106.2000	   1531.0000	   1184.0000	
   1615.0000	   1050.4000	   1827.3000	    990.3000	   1978.2000	    935.9000	
   2291.0000	   1214.0000	   2417.0000	   1172.5000	   2565.0000	   1146.5000	
   2517.0000	      0.0000	   2572.5000	    108.0000	   2650.0000	    201.0000	
   2097.0000	    307.3000	   2133.0000	    346.0000	   1615.0000	    288.9000	   1677.0000	    392.0000	
   1422.5000	    459.1000	   1519.0000	    446.7000	   1589.7000	    426.7000	   1660.4000	    402.0000	   1763.0000	    368.0000	
   1179.0000	    598.0000	   1250.0000	    582.0000	   1397.0000	    532.0000	   1489.0000	    504.0000	
   1115.0000	   3018.0000	   1186.0000	   3000.0000	   1266.9000	   2958.0000	   1368.9000	   2884.0000	
     95.0000	   2439.0000	     49.0000	   2550.0000	     41.0000	   2636.0000	
      9.0000	   1720.5000	     59.4000	   1784.0000	    131.5000	   1887.0000	
    733.8000	   1461.6000	    733.8000	   1559.0000	    776.0000	   1690.0000	
    861.0000	   1730.7000	    931.0000	   1825.6000	    973.0000	   1953.5000	
   2375.0000	   2320.0000	   2457.0000	   2292.0000	   2521.0000	   2255.3000	
   2407.0000	   2182.0000	   2567.4000	   2142.0000	   2685.0000	   2101.5000	
   2208.0000	   2166.4000	   2296.0000	   2339.0000	   2329.0000	   2454.0000	
   1431.0000	   2348.0000	   1533.0000	   2310.0000	   1685.0000	   2260.0000	   1800.0000	   2197.0000	   1883.0000	   2166.4000	
   1086.5000	   2108.0000	   1339.0000	   2047.3000	   1511.0000	   1995.5000	
    909.0000	      0.0000	   1071.0000	    242.0000
   1071.0000	      0.0000	   1147.0000	    144.0000
    559.0000	   1336.0000	    651.0000	   1428.0000
      0.0000	    314.0000	    123.0000	    274.0000
      0.0000	    208.0000	     61.5000	    294.0000
     61.5000	    383.3000	    115.0000	    470.0000
    749.0000	      0.0000	    841.0000	    108.0000
    815.0000	      0.0000	    909.0000	    136.0000
    874.0000	    598.0000	    989.0000	    744.0000
    338.0000	    504.0000	    411.0000	    598.0000
    669.0000	    352.0000	    605.0000	    359.1000
    699.0000	    392.0000	    637.0000	    422.0000
    651.0000	    326.5000	    719.0000	    407.0000
    475.0000	    670.0000	    440.0000	    777.5000
    529.0000	    758.0000	    484.8000	    856.0000
    559.0000	    874.0000	    506.9000	   1073.0000
    281.0000	    760.8000	    315.0000	    884.0000
    191.0000	   1023.4000	    257.0000	   1114.0000
    131.5000	   1050.4000	    191.0000	   1162.0000
     61.5000	   1000.0000	     99.5000	   1050.4000
     30.8000	   1017.0000	    191.0000	    963.5000
      9.0000	    901.3000	     49.0000	    990.3000
      0.0000	   1162.0000	     49.0000	   1228.0000
     88.3000	   1086.0000	    131.5000	   1195.0000
    605.0000	    986.0000	    637.0000	   1050.4000
    559.0000	   1010.0000	    587.0000	   1068.7000
    529.0000	   1040.0000	    551.0000	   1086.0000
    579.0000	   1106.2000	    651.0000	   1242.0000
    709.0000	   1098.0000	    759.0000	   1218.0000
    669.0000	    986.0000	    703.0000	   1063.0000
      9.0000	   1305.1000	    109.9000	   1276.0000
    538.0000	   1102.0000	    734.0000	   1025.2000
    899.0000	   1039.3000	   1071.0000	    986.0000
    951.0000	    598.0000	   1007.0000	    714.0000
    990.0000	    598.0000	   1037.0000	    671.0000
   1231.0000	    615.8000	   1269.0000	    598.0000
   1637.0000	      0.0000	   1729.0000	    136.0000
   1741.0000	      0.0000	   1823.4000	    121.0000
   1823.4000	      0.0000	   1858.5000	     48.4000
   1957.0000	     24.2000	   1984.6000	     68.0000
   1858.5000	     83.0000	   1941.0000	    188.0000
   1777.0000	    136.0000	   1831.1000	    222.3000
   1858.5000	    326.5000	   1804.0000	    238.0000
   1879.5000	    205.3000	   1933.0000	    282.3000
   2005.0000	    166.0000	   2051.2000	    248.0000
   2075.0000	    188.0000	   2305.0000	    504.0000
   2281.0000	     83.0000	   2363.0000	    191.7000
   2387.0000	    294.0000	   2291.0000	    144.0000
   2187.0000	     10.0000	   2239.0000	     76.4000
   2447.0000	    364.0000	   2479.0000	    407.0000
   2479.0000	    437.0000	   2507.0000	    481.3000
   2479.0000	    510.0000	   2493.0000	    534.0000
   2433.0000	    522.0000	   2535.0000	    688.0000
   2493.0000	    575.0000	   2571.0000	    670.0000
   1007.0000	    522.0000	   1037.0000	    559.9000
    940.2000	    515.4000	    985.0000	    566.6000
    878.0000	    383.3000	    958.0000	    510.0000
   1023.0000	    262.5000	   1084.3000	    352.0000
    951.0000	   1073.0000	   1007.0000	   1202.0000
   1037.0000	   1228.0000	   1076.0000	   1344.0000
   1362.5000	    736.2000	   1455.0000	    884.0000
   1476.0000	    856.0000	   1519.0000	    901.3000
   1509.0000	    932.0000	   1571.0000	   1010.0000
   1415.0000	    986.0000	   1489.0000	   1089.9000
   1221.0000	    901.3000	   1283.0000	    986.0000
   1259.0000	   1010.0000	   1283.0000	   1040.0000
   1329.0000	   1115.5000	   1349.0000	   1158.0000
   1393.0000	   1098.0000	   1452.0000	   1195.0000
   1555.0000	    829.6000	   1694.0000	    962.0000
   1763.0000	   1086.0000	   1881.0000	   1336.0000
   1540.0000	   1436.0000	   1606.5000	   1518.0000
   1633.0000	   1518.0000	   1822.0000	   1748.0000
   1778.0000	   1784.0000	   1822.0000	   1840.0000
   1999.0000	   1732.0000	   2063.0000	   1854.0000
   2393.0000	   2280.0000	   2521.0000	   2462.0000
   2575.0000	   2480.0000	   2725.0000	   2674.0000
   2115.0000	   2892.0000	   2239.0000	   3052.0000
   2595.0000	   3000.0000	   2697.0000	   3164.0000
   2671.0000	   2972.0000	   2715.0000	   3100.0000
   1143.0000	   2722.0000	   1317.0000	   2674.0000
    423.0000	   2708.0000	    477.0000	   2798.0000
   1362.5000	   3000.0000	   1395.0000	   3064.0000
   1266.9000	   3112.8000	   1471.0000	   3052.0000
   1431.0000	   2988.0000	   1555.0000	   3192.0000
   1511.0000	   2820.0000	   1555.0000	   2904.0000
   1555.0000	   2820.0000	   1606.5000	   2904.0000
   1589.0000	   2958.0000	   1685.0000	   3090.0000
   1685.0000	   2972.0000	   1778.0000	   3178.0000
   1751.0000	   2912.0000	   1929.0000	   2856.0000
   2301.0000	   2577.0000	   2428.0000	   2753.0000
   2671.0000	   2462.0000	   2725.0000	   2430.0000
    757.0000	   2892.0000	    815.0000	   3000.0000
    605.0000	   2916.0000	    631.0000	   2958.0000
    631.0000	   2916.0000	    618.0000	   3024.0000
     65.4000	   3082.0000	     83.0000	   3138.0000
     41.0000	   3148.0000	    169.0000	   3110.0000
      0.0000	   2904.0000	    153.0000	   2862.0000
    189.0000	   2798.0000	    221.0000	   2836.5000
    137.0000	   2798.0000	    189.0000	   2883.0000
    249.0000	   2856.0000	    373.0000	   2798.0000
    352.3000	   2596.0000	    249.0000	   2817.3000
    311.0000	   2722.0000	    311.0000	   2788.0000
    631.0000	   2024.0000	    757.0000	   2577.0000
    631.0000	   2418.0000	    702.0000	   2490.0000
    477.0000	   2210.0000	    546.0000	   2300.5000
      0.0000	   2334.0000	    169.0000	   2292.0000
    105.0000	   2334.0000	    153.0000	   2386.0000
    169.0000	   2166.0000	    237.0000	   2260.0000
    261.0000	   2310.0000	    281.0000	   2334.0000
    345.0000	   2424.0000	    352.3000	   2454.0000
    366.5000	   2348.0000	    395.0000	   2408.0000
    815.0000	   2070.0000	   1007.0000	   2024.0000
   1855.0000	   1774.0000	   2031.0000	   1714.0000
   2165.0000	   1840.0000	   2361.0000	   1796.4000
   2151.0000	   1619.5000	   2255.0000	   1851.0000
   2047.0000	   2154.0000	   2097.0000	   2228.0000
   2115.0000	   2338.0000	   2165.0000	   2398.0000
   1778.0000	   2446.0000	   1822.0000	   2528.6000
   1731.5000	   2550.0000	   1778.0000	   2610.0000
   1511.0000	   2154.0000	   1705.0000	   2446.0000
   1657.0000	   2166.0000	   1731.5000	   2310.0000
   1580.8000	   1934.0000	   1727.5000	   2132.0000
   1540.0000	   1934.8000	   1731.5000	   1874.0000
   1617.0000	   1982.9000	   1791.6000	   1924.0000
   1580.8000	   1846.1000	   1617.0000	   1887.0000
   1635.8000	   1906.0000	   1685.0000	   1953.5000
   1230.0000	   2418.0000	   1295.0000	   2550.0000
   1163.0000	   2506.0000	   1223.0000	   2650.0000
   1295.0000	   2398.0000	   1362.5000	   2490.0000
    807.0000	   2398.0000	   1101.0000	   2322.0000
    715.0000	   2228.0000	    923.0000	   2166.0000
      0.0000	   2056.0000	    221.0000	   1982.9000
   1101.0000	   1690.0000	   1287.0000	   1633.0000
   1115.0000	   1735.3000	   1223.0000	   1887.0000
   1349.0000	   1572.0000	   1425.0000	   1678.0000
   1422.5000	   1744.0000	   1503.5000	   1866.0000
   1476.0000	   1572.0000	   1519.0000	   1661.5000
   1731.5000	   1390.0000	   1763.0000	   1456.0000
   1519.0000	   1436.0000	   1660.4000	   1392.0000
   1704.3000	   1392.0000	   1789.9000	   1368.4000
   2133.0000	   1254.0000	   2329.0000	   1477.0000
   2263.0000	   1436.0000	   2329.0000	   1528.0000
   2428.0000	   1477.0000	   2583.0000	   1690.0000
   2559.0000	   1690.0000	   2628.0000	   1793.0000
   2531.0000	   1704.0000	   2725.0000	   1633.0000
   2646.0000	   1496.0000	   2499.0000	   1305.1000
    495.0000	   1633.0000	    529.0000	   1678.0000
    380.8000	   1762.0000	    450.0000	   1887.0000
    484.8000	   1824.5000	    511.5000	   1896.0000
    636.0000	   1811.1000	    651.0000	   1840.0000
    769.0000	   1774.0000	    789.3000	   1820.0000
    495.0000	   1924.0000	    529.0000	   1970.0000
    547.0000	   1982.9000	    605.0000	   2070.0000
    455.6000	   2033.0000	    516.8000	   2132.0000
    224.0000	   1995.5000	    271.0000	   2070.0000
    205.0000	   2012.0000	    243.3000	   2082.5000
    666.5000	   1906.0000	    769.0000	   2032.8000
   1208.1000	   1824.5000	   1317.0000	   1797.0000
   2063.0000	   1554.0000	   2263.0000	   1482.0000
   2208.0000	   1464.0000	   2349.0000	   1414.0000
   2087.0000	   1436.0000	   2393.0000	   1341.0000
    291.6000	   1214.0000	    329.0000	   1294.0000
    224.1000	   1248.3000	    268.6000	   1318.0000
    275.0000	   1336.0000	    338.0000	   1414.0000
    297.5000	   1375.0000	    310.3000	   1414.0000
    257.0000	   1464.0000	    292.1000	   1528.0000
    484.8000	   1543.0000	    532.9000	   1616.8000
    415.4000	   1543.0000	    643.5000	   1482.0000
    631.0000	   1464.0000	    734.0000	   1436.0000
    380.8000	   1482.0000	    605.0000	   1400.5000
    899.0000	   1181.2000	    962.6000	   1242.0000
    784.5000	   1222.8000	    841.0000	   1290.5000
    757.0000	   1325.1000	    795.0000	   1394.5000
   2087.0000	   1146.5000	   2255.0000	   1089.9000
   2685.0000	    786.0000	   2725.0000	    856.0000
   2617.0000	    829.9000	   2670.2000	    891.7000
   2617.0000	   1162.0000	   2501.1000	   1023.4000
   2457.5000	    962.0000	   2349.0000	    829.9000
   2369.5000	    670.0000	   2597.0000	    636.0000
   2171.0000	    864.0000	   2428.0000	    760.8000
   1969.0000	   1254.0000	   2055.0000	   1354.0000
   1831.1000	   1345.0000	   1994.0000	   1298.0000
   1929.0000	   1474.0000	   1983.0000	   1572.0000
   1873.3000	   1506.0000	   1912.5000	   1572.0000
   1933.0000	   1600.0000	   1969.0000	   1670.8000
   1649.0000	   1414.0000	   1694.0000	   1477.0000
   1671.0000	   1518.0000	   1751.0000	   1600.0000
   1555.0000	   1318.0000	   1606.5000	   1388.5000
   1329.0000	   1388.5000	   1393.0000	   1482.0000
   1362.5000	   1496.0000	   1422.5000	   1572.0000
   1057.0000	   1514.0000	   1147.0000	   1655.5000
   1028.1000	   1518.0000	   1101.0000	   1646.3000
    962.6000	   1450.0000	   1013.5000	   1522.1000
   1071.0000	   1414.0000	   1102.0000	   1456.0000
   1028.1000	   1441.3000	   1057.0000	   1482.0000
   1147.0000	   1414.0000	   1158.5000	   1441.3000
   1209.4000	   1424.0000	   1223.0000	   1456.0000
   1147.0000	   1114.0000	   1167.0000	   1140.5000
   2031.0000	    392.0000	   1800.0000	    419.1000
   1778.0000	    504.0000	   1827.3000	    566.6000
   1858.5000	    582.0000	   1912.5000	    653.0000
   1873.0000	    653.0000	   2005.0000	    786.0000
   1892.9000	    719.5000	   1956.0000	    821.0000
   1843.0000	    812.4000	   1885.5000	    878.6000
   1677.7000	    707.0000	   1827.3000	    884.0000
   1752.5000	    856.0000	   1969.0000	   1146.5000
   1627.0000	    810.1000	   1660.4000	    845.5000
   1660.4000	    891.7000	   1752.5000	   1017.0000
   1383.0000	    670.0000	   1476.0000	    800.0000
   1439.0000	    670.0000	   1519.0000	    789.0000
   1076.0000	   1214.0000	   1262.5000	   1131.0000
   1505.0000	   1102.0000	   1606.5000	   1073.0000
   2147.0000	    800.0000	   2299.0000	    993.1000
   2115.0000	    683.6000	   2278.5000	    874.0000
   2329.0000	    935.9000	   2393.0000	   1031.6000
   2329.0000	   1012.7000	   2361.0000	   1050.4000
   2299.0000	   1180.3000	   2493.0000	   1115.5000
   2535.0000	   1102.0000	   2643.6000	   1068.7000
   2163.0000	    598.0000	   2208.0000	    697.0000
   2115.0000	    612.5000	   2163.0000	    671.0000
   2223.0000	    582.0000	   2254.5000	    683.6000
   1978.2000	    419.1000	   2055.0000	    534.0000
   1893.0000	    326.5000	   1939.0000	    414.0000
   2643.6000	   1276.0000	   2705.0000	   1382.0000
   2650.0000	   1414.0000	   2739.0000	   1368.4000
   2597.0000	   1506.0000	   2725.0000	   1482.0000
   2305.0000	   1610.0000	   2507.0000	   1534.0000
   2063.0000	    248.0000	   2087.0000	    294.0000
   1339.0000	    188.0000	   1452.0000	    340.5000
   1439.0000	    238.0000	   1497.0000	    314.0000
   1259.0000	    861.9000	   1287.0000	    935.9000
   1303.0000	    845.5000	   1349.0000	    925.1000
   1296.5000	    983.7000	   1339.0000	   1085.3000
   1042.5000	    945.8000	   1086.5000	   1034.5000
    996.3000	    986.0000	   1023.0000	   1042.5000
    989.0000	    807.0000	   1022.0000	    884.0000
    573.0000	    504.0000	    666.5000	    644.5000
    500.0000	    534.0000	    529.0000	    570.0000
    463.9000	    426.7000	    463.9000	    504.0000
    374.5000	    426.7000	    411.0000	    504.0000
    395.0000	    770.3000	    463.9000	    962.0000
    329.0000	    864.0000	    380.8000	    962.0000
    269.0000	    898.9000	    281.0000	    935.9000
      9.0000	    422.0000	    188.1000	    634.5000
    153.0000	    437.0000	    205.5000	    504.0000
   1266.9000	   2856.0000	   1449.0000	   2817.3000
    954.0000	   3192.0000	   1186.0000	   3090.0000
    495.0000	   3192.0000	    455.6000	   3100.0000
    569.6000	   2771.0000	    618.0000	   2870.0000
    923.0000	   2424.0000	    965.0000	   2468.0000
    819.0000	   2360.0000	    911.0000	   2490.0000
    105.0000	   1678.0000	    153.0000	   1784.0000
    137.0000	   1774.0000	    224.1000	   1944.0000
    189.0000	   1579.9000	    224.1000	   1655.5000
    380.8000	   1582.2000	    423.0000	   1635.4000
    300.6000	   1678.0000	    338.0000	   1732.0000
    651.0000	   1584.8000	    749.0000	   1754.0000
   2255.0000	   2480.0000	   2406.0000	   2446.0000
   2521.0000	   2300.0000	   2567.4000	   2378.0000
   2417.0000	   2032.8000	   2479.0000	   2154.0000
   2393.0000	   2108.0000	   2417.0000	   2179.5000
   1969.0000	   2522.0000	   2012.0000	   2577.0000
   2021.0000	   2506.0000	   2047.0000	   2550.0000
   1957.0000	   2744.0000	   1990.5000	   2798.0000
   1973.8000	   2682.0000	   1990.5000	   2722.0000
   1855.0000	   2709.0000	   1881.0000	   2766.0000
   2301.0000	   2958.0000	   2417.0000	   3090.0000
   2263.0000	   2946.0000	   2319.0000	   3024.0000
   2291.0000	   3032.0000	   2329.0000	   3090.0000
   2375.0000	   2916.0000	   2417.0000	   3036.0000
   1892.9000	   2101.5000	   1929.0000	   2166.4000
   1990.5000	   2101.5000	   2014.0000	   2142.0000
   1266.9000	   2101.5000	   1349.0000	   2210.0000
   1353.0000	   2134.0000	   1395.0000	   2210.0000
   1407.0000	   1934.8000	   1471.0000	   2070.0000
   1266.9000	   1969.4000	   1287.0000	   2002.4000
   1158.5000	   1982.9000	   1199.0000	   2047.0000
   1102.0000	   2310.0000	   1163.0000	         NaN
