      0.0000	    101.7000	     62.1000	     83.7000	    117.6000	     67.2000	    192.6000	     46.2000	    255.6000	     28.2000	    341.1000	      0.0000	
      0.0000	    166.1000	    108.6000	    143.6000	    179.1000	    128.7000	    248.1000	    113.7000	    495.6000	     67.2000	    686.1000	     32.7000	    738.6000	     32.7000	    786.6000	      0.0000	
      0.0000	    355.1000	    204.6000	    277.1000	    408.6000	    199.1000	    591.6000	    131.6000	    641.1000	    121.2000	    762.6000	    121.2000	    777.6000	    121.2000	    786.6000	    134.6000	    834.6000	    112.2000	    945.6000	    101.7000	   1064.1000	     74.7000	   1133.1000	     50.8000	   1205.1000	     22.2000	   1251.6000	      0.0000	
    780.6000	     50.8000	    864.6000	     38.7000	    917.1000	     32.7000	    981.6000	     13.2000	   1019.1000	      0.0000	
      0.0000	    490.1000	    185.1000	    418.1000	    447.6000	    305.6000	    483.6000	    296.6000	
    509.1000	    287.6000	    581.1000	    269.6000	    653.1000	    211.1000	    753.6000	    134.6000	
      0.0000	    625.1000	    191.1000	    547.1000	    359.1000	    476.6000	    509.1000	    424.1000	    527.1000	    409.1000	    660.6000	    371.6000	
    708.6000	    355.1000	    899.8000	    302.6000	   1065.6000	    251.6000	   1218.6000	    196.1000	   1413.6000	    134.6000	   1581.6000	     83.1000	   1740.6000	     25.4000	   1803.6000	      0.0000	
    660.6000	    398.6000	    839.1000	    371.6000	   1019.1000	    347.6000	   1055.1000	    347.6000	
   1032.6000	    316.1000	   1055.1000	    331.1000	   1115.1000	    323.6000	   1298.1000	    287.6000	   1383.6000	    251.6000	   1565.1000	    190.1000	   1605.6000	    154.1000	   1764.6000	    101.7000	   1797.6000	     83.1000	   1986.5000	     11.7000	
    828.6000	    520.1000	    899.8000	    393.4000	   1019.1000	    166.1000	   1055.1000	     83.1000	
    138.6000	    578.6000	    311.1000	    568.1000	    483.6000	    568.1000	    581.1000	    547.1000	
      0.0000	    734.6000	    241.8000	    685.1000	    473.1000	    601.1000	    660.6000	    539.6000	    882.6000	    473.6000	
    857.9000	    461.6000	   1055.1000	    386.6000	   1128.6000	    355.1000	
   2148.0000	    177.6000	   1986.5000	    227.6000	   1758.6000	    296.6000	   1571.1000	    355.1000	   1403.1000	    419.6000	   1074.0000	    520.1000	    975.6000	    586.1000	    882.6000	    625.1000	    719.1000	    680.6000	    516.6000	    746.6000	    270.6000	    830.6000	      0.0000	    929.6000	     89.1000	    800.6000	    173.1000	    633.5000	
   1048.2000	    537.5000	   1140.6000	    520.1000	   1359.6000	    490.1000	   1622.1000	    455.6000	   1691.1000	    446.6000	   1962.5000	    373.1000	   2142.5000	    331.1000	
   1793.1000	    134.6000	   1977.5000	    124.2000	   2148.0000	     92.7000	
   1616.1000	    177.6000	   1754.1000	    166.1000	   1887.5000	    149.6000	
   1803.6000	     32.7000	   1719.7000	    169.0000	   1775.1000	    234.2000	
   1405.0000	    137.4000	   1445.1000	     62.7000	   1469.1000	      0.0000	
   1661.1000	     32.7000	   1547.1000	     68.7000	   1361.1000	     68.7000	   1275.6000	     83.1000	   1008.6000	    113.7000	
   1160.1000	      0.0000	   1184.8000	     51.8000	   1192.0000	     92.7000	
   1168.9000	     95.3000	   1218.6000	    196.1000	   1251.6000	    301.6000	   1188.6000	    347.6000	   1118.1000	    373.1000	
   1263.6000	    310.1000	   1301.1000	    371.6000	   1334.8000	    434.3000	
   1263.6000	      0.0000	   1370.1000	    191.6000	   1479.5000	    390.3000	
    232.3000	    117.1000	    241.8000	    149.6000	    285.6000	    234.2000	
    241.8000	    149.6000	    241.8000	    211.1000	    263.7000	    287.6000	    279.6000	    347.6000	    285.6000	    398.6000	    221.1000	    505.1000	    147.6000	    604.1000	
    369.6000	    187.1000	    380.1000	    229.9000	    393.3000	    234.2000	    422.1000	    347.6000	    452.1000	    498.4000	    471.6000	    562.9000	
    581.1000	    408.4000	    647.1000	    520.1000	    681.6000	    578.9000	    708.6000	    649.1000	
    882.6000	     64.0000	    899.8000	    132.6000	    917.1000	    198.8000	    948.6000	    266.8000	
    993.2000	    247.1000	   1032.6000	    296.6000	   1048.2000	    384.4000	
    631.4000	    340.9000	    692.1000	    419.6000	    738.6000	    498.4000	    786.6000	    578.9000	
   1055.1000	    271.1000	   1091.1000	    398.6000	   1118.1000	    445.1000	   1137.6000	    498.4000	
    963.6000	    427.1000	    982.3000	    508.1000	   1019.1000	    553.6000	   1010.1000	    553.6000	    941.8000	    562.9000	    761.1000	    578.6000	    527.1000	    604.1000	
   1010.3000	    562.9000	   1048.2000	    613.1000	   1089.6000	    668.6000	
    810.6000	    689.6000	    851.1000	    776.6000	    956.1000	    911.6000	
    304.4000	    413.6000	    369.6000	    515.6000	    420.6000	    604.1000	
     74.9000	    911.6000	    123.6000	    994.1000	    155.1000	   1048.1000	    159.1000	   1078.1000	
     14.1000	    929.6000	     56.1000	   1006.1000	     68.1000	   1043.6000	    101.2000	   1091.6000	
      6.6000	   1115.6000	    200.1000	   1074.0000	    393.3000	   1021.1000	    533.1000	    994.9000	    644.9000	    980.6000	    840.0000	    936.0000	    848.1000	    956.6000	
      0.0000	   1277.6000	    248.9000	   1177.1000	    499.4000	   1091.6000	    746.9000	    988.1000	    915.6000	    936.0000	   1083.1000	    871.1000	   1415.1000	    754.1000	
     49.2000	    911.6000	    207.6000	    877.1000	    499.4000	    820.9000	    821.1000	    761.6000	    948.6000	    743.6000	    970.9000	    734.6000	    993.2000	    734.6000	   1096.3000	    713.6000	   1251.6000	    684.2000	
   1105.8000	    689.6000	   1379.1000	    644.6000	   1530.6000	    626.9000	
   1616.1000	    626.9000	   1803.6000	    592.1000	   1798.9000	    578.9000	   1719.7000	    355.1000	
   1814.1000	    586.1000	   1997.0000	    553.6000	   2148.0000	    520.1000	
   2075.0000	    247.1000	   2100.8000	    340.9000	   1836.8000	    273.0000	   1899.1000	    390.3000	
   1137.6000	    578.6000	   1184.8000	    644.6000	   1178.7000	    677.6000	
   1137.6000	    715.1000	   1167.6000	    743.6000	   1184.8000	    866.6000	   1211.1000	    985.1000	
    993.2000	    706.1000	   1040.6000	    800.6000	   1089.6000	    868.8000	
    489.6000	    644.6000	    570.6000	    860.6000	    606.6000	    953.6000	    674.1000	   1126.1000	    692.1000	   1201.1000	    692.1000	   1268.6000	
    258.9000	    877.1000	    323.1000	    985.1000	    369.6000	   1066.1000	
    350.0000	    877.1000	    434.1000	    985.1000	    477.6000	   1066.1000	    509.1000	   1177.1000	    560.1000	   1286.6000	
    483.6000	    838.1000	    509.1000	    877.1000	    527.1000	    911.6000	    534.6000	    936.0000	    534.6000	    956.6000	    543.6000	    993.5000	
   1269.6000	    807.4000	   1299.2000	    884.6000	   1318.2000	    911.6000	   1344.9000	   1000.1000	
    709.4000	   1003.8000	    810.6000	    994.9000	    890.1000	    971.6000	    963.6000	    956.6000	   1016.9000	    946.1000	   1118.1000	    911.6000	   1160.1000	    896.6000	   1227.6000	    890.6000	   1405.0000	    868.8000	   1608.6000	    838.1000	   1719.7000	    832.1000	   1865.1000	    807.4000	
   1887.5000	    427.1000	   1836.8000	    520.1000	   1830.6000	    562.9000	
   1992.5000	    424.1000	   2046.5000	    498.4000	   2070.5000	    606.2000	   2123.0000	    706.9000	
   1925.0000	    773.6000	   2025.5000	    734.6000	   2100.8000	    706.9000	   2148.0000	    677.6000	
   1968.8000	    569.6000	   2004.5000	    651.1000	   2024.0000	    706.9000	   2079.5000	    868.8000	   2136.5000	   1058.6000	
   1105.8000	    863.1000	   1137.6000	    956.6000	   1192.0000	   1045.1000	   1211.1000	   1074.0000	   1233.6000	   1153.1000	
    893.1000	   1058.6000	    915.6000	   1091.6000	    948.6000	   1169.6000	
   1469.1000	    394.3000	   1523.1000	    537.5000	   1581.6000	    722.6000	
    527.1000	    947.7000	    527.1000	    971.6000	    547.0000	   1016.1000	    590.9000	   1078.1000	    644.9000	   1184.6000	    692.1000	   1250.6000	
    285.6000	   1439.6000	    132.0000	   1448.6000	      6.6000	   1468.1000	     27.1000	   1544.6000	
    189.6000	   1286.6000	    216.6000	   1345.1000	    241.8000	   1402.1000	    248.9000	   1439.6000	
    248.9000	   1184.6000	    264.2000	   1238.6000	    304.4000	   1315.1000	    350.0000	   1412.6000	
    232.3000	   1528.1000	    314.3000	   1412.6000	    381.6000	   1298.6000	
    304.4000	   1426.5000	    449.1000	   1376.6000	    659.0000	   1292.6000	    761.1000	   1249.1000	    893.1000	   1198.1000	
   1878.6000	    788.6000	   1899.5000	    868.8000	   1953.5000	    958.1000	
    906.6000	   1192.1000	   1105.8000	   1169.6000	   1203.6000	   1163.6000	   1287.2000	   1144.1000	   1400.7000	   1115.6000	   1509.6000	   1099.1000	
   1430.0000	   1178.6000	   1666.3000	   1099.1000	   1899.5000	   1025.8000	   2148.0000	    938.7000	
   1775.1000	    942.7000	   1789.0000	   1025.8000	   1797.6000	   1048.1000	
   1525.3000	    993.5000	   1607.1000	   1207.1000	   1655.1000	   1339.5000	   1740.6000	   1528.1000	   1761.6000	   1606.1000	
     27.0000	   1586.6000	     84.8000	   1564.1000	    147.8000	   1528.1000	    200.1000	   1513.1000	    258.9000	   1490.5000	
      6.6000	   1562.6000	     33.6000	   1562.6000	     47.6000	   1578.6000	
     14.1000	   1657.1000	    224.1000	   1595.6000	    471.6000	   1510.1000	    723.6000	   1433.0000	   1008.6000	   1339.5000	   1221.6000	   1267.1000	   1415.1000	   1207.1000	
   1422.6000	   1231.1000	   1584.3000	   1207.1000	   1751.1000	   1184.6000	   1947.5000	   1150.1000	   2097.2000	   1125.6000	   2136.5000	   1250.6000	
   2097.2000	   1091.6000	   2036.5000	   1216.1000	   2004.5000	   1302.5000	
   1968.5000	   1015.9000	   1986.5000	   1081.9000	   2004.5000	   1115.6000	   1992.5000	   1144.1000	   2018.0000	   1169.6000	   2057.8000	   1258.1000	   2077.3000	   1292.6000	
    359.8000	   1578.6000	    701.1000	   1516.1000	   1062.6000	   1453.8000	   1437.9000	   1400.6000	
   1318.2000	   1400.6000	   1496.1000	   1376.6000	   1595.3000	   1355.6000	   1761.6000	   1327.1000	   1887.5000	   1307.6000	
   1452.6000	   1197.0000	   1501.7000	   1268.6000	   1584.1000	   1390.1000	
   1277.1000	   1154.2000	   1309.3000	   1217.6000	    732.6000	   1028.2000	    773.1000	   1135.1000	    804.6000	   1267.1000	    828.6000	   1376.6000	    866.6000	   1445.6000	
    732.6000	   1430.1000	    786.6000	   1538.5000	    819.6000	   1578.6000	
      0.0000	   1730.6000	    232.3000	   1682.6000	    359.8000	   1657.1000	
     46.0000	   1756.1000	    273.6000	   1715.6000	    456.5000	   1682.6000	    499.4000	   1673.6000	
    499.4000	   1693.8000	    650.4000	   1667.6000	    804.6000	   1637.6000	    941.1000	   1625.6000	   1105.8000	   1600.1000	   1184.8000	   1592.6000	
   1122.6000	   1453.8000	   1137.6000	   1516.1000	   1174.3000	   1570.6000	   1221.6000	   1643.2000	
   1415.1000	   1528.1000	   1584.1000	   1474.1000	   1770.6000	   1400.6000	   1947.5000	   1333.1000	   2097.2000	   1268.6000	   2148.0000	   1250.6000	
    970.3000	   1673.6000	   1184.8000	   1618.8000	   1382.3000	   1584.3000	   1437.9000	   1570.6000	   1685.6000	   1468.1000	
      6.6000	   1996.1000	    389.1000	   1856.6000	    692.1000	   1751.6000	    920.8000	   1667.6000	    984.6000	   1648.6000	
    117.0000	   1743.4000	    146.1000	   1802.6000	    159.1000	   1849.1000	    174.4000	   1882.1000	    219.3000	   1958.6000	    232.3000	   1990.1000	
      6.6000	   1786.1000	     27.1000	   1876.1000	     54.6000	   1954.1000	     65.1000	   2009.6000	
     14.1000	   1982.6000	     37.3000	   2009.6000	     35.9000	   2036.6000	     74.9000	   2146.0000	
      0.0000	   2200.0000	    132.0000	   2200.0000	    336.6000	   2105.6000	    652.7000	   1973.6000	    840.0000	   1897.8000	   1021.0000	   1822.3000	
    970.3000	   1828.1000	   1093.9000	   1774.1000	   1221.6000	   1714.8000	
   1344.9000	   1702.1000	   1572.6000	   1657.1000	   1740.6000	   1630.1000	   1880.1000	   1600.1000	
    970.9000	   1623.1000	   1021.0000	   1771.4000	   1046.9000	   1838.6000	   1096.0000	   1933.1000	
    455.0000	   1883.6000	    660.6000	   1866.7000	    800.1000	   1853.6000	    882.2000	   1841.6000	
      6.6000	   2009.6000	    143.0000	   1996.1000	    338.3000	   1967.6000	    471.6000	   1938.6000	    679.1000	   1915.8000	
    809.1000	   2022.1000	   1021.0000	   1954.8000	   1227.6000	   1883.6000	   1452.6000	   1816.1000	
    956.1000	   2032.1000	   1163.1000	   1982.6000	   1405.0000	   1943.6000	   1616.1000	   1915.8000	   1891.3000	   1873.1000	
    970.9000	   2140.0000	   1160.1000	   2105.6000	   1287.2000	   2086.1000	
   1281.6000	   1973.6000	   1363.6000	   2113.1000	   1393.6000	   2173.0000	   1452.6000	   2300.5000	   1685.6000	   2196.0000	   1797.6000	   2159.5000	
   1208.1000	   2137.0000	   1452.6000	   2045.1000	   1393.6000	   1945.4000	
   1363.6000	   2113.1000	   1607.1000	   2022.1000	   1728.6000	   1977.1000	
   1734.6000	   1954.8000	   1953.5000	   1873.1000	   2148.0000	   1810.1000	
   1887.5000	   1765.7000	   1941.3000	   1886.9000	   1979.0000	   1973.6000	
   1647.6000	   2020.1000	   1911.5000	   1996.1000	   2052.7000	   1969.1000	   2148.0000	   1954.8000	
   1263.6000	   1762.1000	   1233.8000	   1833.3000	   1221.6000	   1862.6000	
   1263.6000	   1899.7000	   1139.1000	   2123.6000	   1096.0000	   2257.0000	   1038.7000	   2356.0000	
   1922.0000	   1376.6000	   2105.5000	   1344.5000	   2148.0000	   1333.1000	
   1625.3000	   1798.8000	   1796.4000	   1771.4000	   1922.0000	   1756.1000	   2077.3000	   1743.4000	   2148.0000	   1730.6000	
     89.1000	   2258.5000	    179.9000	   2441.5000	    248.4000	   2555.5000	
    917.1000	   2191.0000	    831.6000	   2227.0000	    709.1000	   2258.5000	    535.0000	   2320.0000	    342.9000	   2383.0000	    199.3000	   2435.5000	     98.1000	   2458.0000	      6.6000	   2485.0000	     59.1000	   2605.0000	
    932.8000	   2218.0000	    970.9000	   2207.5000	    970.3000	   2123.6000	    921.7000	   1964.6000	    893.1000	   1849.1000	    840.0000	   1702.1000	
    692.1000	   2168.5000	    758.1000	   2173.0000	    857.9000	   2159.5000	    911.8000	   2146.0000	
      6.6000	   2282.5000	    179.9000	   2236.0000	    414.6000	   2182.0000	    615.1000	   2146.0000	    758.1000	   2123.6000	    882.2000	   2099.6000	   1021.0000	   2071.8000	
    984.6000	   1987.4000	   1004.1000	   2038.1000	   1021.0000	   2064.3000	   1033.4000	   2096.6000	   1046.9000	   2113.1000	   1074.0000	   2146.0000	   1096.0000	   2191.0000	
    398.3000	   2079.8000	    422.0000	   2146.0000	    455.0000	   2245.0000	    480.1000	   2338.0000	
    617.3000	   1988.3000	    679.1000	   2140.0000	    698.1000	   2218.0000	
    652.7000	   2159.5000	    709.1000	   2258.5000	    776.1000	   2500.0000	
   1496.1000	   1945.4000	   1536.4000	   2038.1000	   1139.1000	   2173.0000	   1337.8000	   2140.0000	   1566.6000	   2113.1000	   1814.1000	   2071.8000	   1958.0000	   2086.1000	   2148.0000	   2032.1000	
      0.0000	   2614.0000	    159.1000	   2584.0000	    299.4000	   2549.5000	    368.1000	   2530.0000	    439.2000	   2518.0000	    487.9000	   2518.0000	    549.6000	   2488.0000	    617.3000	   2468.5000	
    668.6000	   2432.5000	    747.8000	   2398.0000	    848.9000	   2347.0000	
    758.8000	   2356.0000	    882.2000	   2300.5000	   1001.1000	   2258.5000	   1043.4000	   2218.0000	   1049.1000	   2191.0000	
    819.6000	   2177.2000	    857.9000	   2282.5000	    917.1000	   2407.0000	    932.1000	   2447.5000	
    615.1000	   2389.8000	    698.1000	   2515.0000	    758.8000	   2614.0000	
    258.9000	   2218.0000	    315.6000	   2407.0000	    342.9000	   2537.2000	
    332.1000	   2234.5000	    357.9000	   2290.0000	    357.9000	   2320.0000	    369.6000	   2336.5000	
    398.3000	   2644.0000	    487.9000	   2605.0000	    570.6000	   2567.5000	
    686.9000	   2644.0000	    995.1000	   2510.5000	   1242.6000	   2407.0000	   1415.1000	   2336.5000	
   1460.8000	   2336.5000	   1607.1000	   2312.4000	   1743.2000	   2300.5000	
   1862.1000	   2200.0000	   1922.0000	   2356.0000	   1950.5000	   2413.0000	   2000.9000	   2541.3000	   2033.0000	   2644.0000	
   1787.1000	   2372.5000	   1836.8000	   2579.5000	   1862.1000	   2644.0000	
   1562.1000	   2422.0000	   1612.5000	   2581.0000	   1625.3000	   2626.0000	
   1734.6000	   2626.0000	   1933.3000	   2541.3000	   2051.8000	   2500.0000	   2148.0000	   2468.5000	
   2079.5000	   2191.0000	   2115.5000	   2336.5000	   2136.5000	   2455.0000	
    709.1000	   2508.3000	    830.1000	   2484.3000	   1007.1000	   2455.0000	   1074.0000	   2455.0000	
    932.1000	   2416.0000	    977.1000	   2416.0000	    996.6000	   2407.0000	   1080.6000	   2389.8000	   1221.6000	   2368.0000	   1328.0000	   2362.0000	
   1233.8000	   2113.1000	   1301.1000	   2225.9000	   1363.6000	   2336.5000	
   1151.2000	   2146.0000	   1208.1000	   2293.0000	   1276.3000	   2484.3000	
    905.4000	   2644.0000	   1199.1000	   2537.2000	   1467.6000	   2455.0000	   1643.5000	   2407.0000	
   1797.6000	   2208.9000	   2000.9000	   2191.0000	   2148.0000	   2177.2000	
    443.0000	   2350.2000	    471.6000	   2389.8000	    484.4000	   2432.5000	
   1151.2000	   1714.8000	   1263.6000	   1673.6000	   1328.0000	   1651.1000	
      0.0000	    316.1000	     68.1000	    316.1000
   1547.1000	    644.6000	   1775.1000	    445.1000
   1775.1000	    461.6000	   2148.0000	    413.6000
    857.9000	      0.0000	    875.3000	     37.4000
    917.1000	      0.0000	    926.1000	     25.4000
    948.6000	     12.7000	    993.2000	     90.8000
    993.2000	     11.7000	   1040.6000	     80.0000
   1496.1000	    254.6000	   1487.1000	    390.3000
   1430.0000	     90.8000	   1491.6000	    195.2000
   1509.6000	    254.6000	   1616.1000	    427.1000
   1595.3000	    211.1000	   1640.1000	    322.5000
   1632.6000	    149.6000	   1700.1000	    310.1000
   1666.3000	     52.3000	   1694.1000	    113.7000
   1547.1000	     11.7000	   1539.6000	     83.1000
     50.1000	      0.0000	     89.1000	     73.2000
    123.6000	      0.0000	    155.1000	     50.8000
    170.6000	     52.3000	    200.1000	    113.7000
    241.8000	     32.7000	    285.6000	     95.3000
    285.6000	     25.4000	    323.1000	     80.0000
    330.3000	    101.7000	    369.6000	    163.6000
    138.6000	    143.0000	    207.6000	    254.6000
     74.9000	    150.6000	    138.6000	    266.8000
     14.1000	    177.6000	     68.1000	    301.6000
     74.9000	    331.1000	    135.0000	    437.6000
    140.5000	    301.6000	    195.6000	    413.6000
    471.6000	    445.1000	    527.1000	    547.1000
    695.1000	    659.6000	    723.6000	    754.1000
    732.6000	    788.6000	    761.1000	    853.1000
    732.6000	    838.1000	    786.6000	    968.6000
    683.1000	      0.0000	    701.1000	     92.7000
    570.6000	     64.0000	    591.6000	    150.6000
    434.1000	      0.0000	    509.1000	    175.7000
    527.1000	    175.7000	    581.1000	    296.6000
    591.6000	    287.6000	    509.1000	    424.1000
    483.6000	    316.1000	    759.6000	    322.5000
    625.8000	    211.1000	    692.1000	    322.5000
    821.1000	    331.1000	    732.6000	    211.1000
    804.6000	    150.6000	    875.3000	    366.8000
    956.1000	     83.1000	   1008.6000	    175.7000
    786.6000	    445.1000	    804.6000	    528.8000
    753.6000	    393.4000	    761.1000	    445.1000
    732.6000	    357.6000	    732.6000	    384.4000
    926.1000	    615.8000	    956.1000	    706.9000
    915.6000	    677.6000	    926.1000	    734.6000
    857.9000	    633.5000	    875.3000	    689.6000
    804.6000	    773.6000	    875.3000	    890.6000
    224.1000	    625.1000	    323.1000	    788.6000
    232.3000	    553.6000	    296.1000	    633.5000
    393.3000	    479.6000	    465.6000	    659.6000
    350.0000	    668.6000	    369.6000	    734.6000
    393.3000	    668.6000	    414.6000	    773.6000
    123.6000	    633.5000	    140.5000	    677.6000
    140.5000	    633.5000	    155.1000	    668.6000
     27.0000	    479.6000	     68.1000	    604.1000
     14.1000	    347.6000	     77.8000	    459.9000
     89.1000	    473.6000	    147.6000	    553.6000
     14.1000	    413.6000	     34.1000	    459.9000
     97.5000	     73.2000	    105.0000	    129.4000
    118.4000	     83.0000	    135.0000	    129.4000
    550.4000	      5.7000	    543.6000	    101.3000
    224.1000	    271.1000	    273.6000	    371.0000
   1074.0000	    195.2000	   1137.6000	    371.0000
   1040.6000	    129.4000	   1125.5000	    229.9000
   1160.1000	    331.1000	   1192.0000	    408.4000
   1211.1000	    398.6000	   1256.1000	    473.6000
    560.1000	    578.9000	    581.1000	    633.5000
    591.6000	    553.6000	    659.0000	    700.2000
     77.8000	    788.6000	    118.4000	    877.1000
    147.6000	    734.6000	    170.6000	    788.6000
    147.8000	    788.6000	    173.1000	    853.1000
    179.1000	    903.4000	    200.1000	    968.6000
    224.1000	    994.9000	    285.6000	   1153.1000
    200.1000	   1115.6000	    232.3000	   1184.6000
     46.0000	   1115.6000	    123.6000	   1223.6000
    132.0000	   1135.1000	     98.1000	   1207.1000
   1415.1000	    743.6000	   1530.6000	    701.6000
   1430.0000	    706.9000	   1539.6000	    661.6000
   1865.1000	    177.6000	   1887.5000	    254.6000
   1934.0000	    254.6000	   2004.5000	    357.6000
   1953.5000	    134.6000	   2015.0000	    216.1000
   2042.0000	      5.7000	   2051.0000	    101.7000
   1625.1000	    347.6000	   1625.1000	    403.8000
   1673.1000	    491.0000	   1700.1000	    684.2000
   1719.7000	    684.2000	   1751.8000	    832.1000
   1543.3000	    689.6000	   1581.6000	    820.9000
   1359.6000	    490.1000	   1405.0000	    633.5000
   1318.2000	    537.5000	   1371.5000	    633.5000
   1203.6000	    553.6000	   1251.6000	    633.5000
    948.6000	    761.6000	    993.2000	    853.1000
    441.3000	   1144.1000	    471.6000	   1198.1000
    600.6000	    986.3000	    606.6000	    953.6000
   1239.6000	    684.2000	   1263.6000	    779.6000
   1865.1000	    684.2000	   1887.5000	    761.6000
   1857.6000	    615.8000	   1899.5000	    689.6000
   1917.5000	    677.6000	   1953.5000	    755.2000
   1925.0000	    452.6000	   1953.5000	    528.8000
    857.9000	    981.0000	    906.6000	   1051.1000
    906.6000	    969.9000	   1008.6000	   1135.1000
    906.6000	    938.8000	    917.1000	    956.6000
   1008.6000	    903.7000	   1020.7000	    929.6000
   1041.4000	    890.6000	   1096.3000	    994.9000
   1008.6000	    961.1000	   1068.9000	   1135.1000
   1105.8000	   1003.8000	   1032.6000	   1115.6000
   1221.6000	   1015.9000	   1233.6000	   1040.6000
   1460.8000	    838.1000	   1509.6000	    953.6000
   1415.1000	    814.1000	   1460.8000	    953.6000
   1334.8000	    782.4000	   1395.6000	    863.1000
   1371.5000	    903.4000	   1430.0000	    985.1000
   1595.3000	    911.6000	   1647.6000	   1000.1000
   1694.1000	    883.9000	   1735.7000	    993.5000
   1740.6000	    863.1000	   1775.1000	    916.7000
   1616.1000	    677.6000	   1655.1000	    773.6000
   1552.5000	    721.1000	   1616.1000	    807.4000
   1632.6000	    677.6000	   1581.6000	    761.6000
   1616.1000	    655.6000	   1595.3000	    701.6000
   1562.4000	    498.4000	   1605.7000	    565.5000
   1607.1000	    457.6000	   1661.1000	    537.5000
   1617.7000	    445.1000	   1647.6000	    486.9000
   1761.6000	    678.6000	   1859.1000	    649.1000
   1814.1000	    853.1000	   2123.0000	    814.1000
   1899.5000	    807.4000	   2136.5000	    764.2000
   1460.8000	   1040.6000	   1830.6000	   1003.8000
   1616.1000	   1066.1000	   1719.7000	    850.1000
   1686.6000	    807.4000	   1709.8000	    863.1000
     41.1000	   1302.5000	     68.1000	   1376.6000
    381.6000	   1178.6000	    483.6000	   1355.6000
    359.8000	   1292.6000	    404.0000	   1390.1000
   1899.5000	    779.6000	   1961.5000	    953.6000
   1925.0000	    883.9000	   2004.5000	    953.6000
   2046.5000	    969.9000	   2108.0000	   1081.9000
   1472.8000	   1040.6000	   1530.6000	   1115.6000
   1496.1000	   1101.2000	   1525.3000	   1150.1000
   2136.5000	    743.6000	   2057.8000	    961.1000
   1803.6000	    986.3000	   1878.6000	    911.6000
   1865.1000	    890.6000	   1894.7000	    850.1000
   1740.6000	   1015.9000	   1761.6000	   1058.6000
   1673.1000	   1040.6000	   1698.2000	   1074.0000
    107.1000	   1453.8000	    132.0000	   1510.1000
    101.2000	   1562.6000	    146.1000	   1606.1000
     41.1000	   1475.6000	     89.1000	   1544.6000
    609.6000	   1355.6000	    660.6000	   1445.6000
    513.6000	   1384.1000	    543.6000	   1482.0000
   1203.6000	   1184.6000	   1287.2000	   1298.6000
   1293.6000	   1312.3000	   1325.1000	   1376.6000
   1751.8000	   1198.1000	   1814.1000	   1363.1000
   1751.1000	   1223.6000	   1647.6000	   1468.1000
   1607.1000	   1432.1000	   1643.5000	   1516.1000
   1344.9000	   1400.6000	   1382.3000	   1504.1000
   1359.6000	   1322.0000	   1334.8000	   1369.1000
   1405.0000	   1231.1000	   1382.3000	   1280.6000
    840.0000	   1528.1000	    857.9000	   1600.1000
    948.6000	   1490.5000	    970.9000	   1586.6000
    159.1000	   1614.6000	    189.6000	   1682.6000
   1221.6000	   1482.0000	   1263.6000	   1578.6000
   1263.6000	   1614.6000	   1287.2000	   1673.6000
    216.2000	   1548.5000	    248.9000	   1643.2000
    414.6000	   1538.5000	    429.5000	   1565.8000
    441.3000	   1578.6000	    471.6000	   1667.6000
    513.6000	   1564.1000	    570.6000	   1673.6000
    598.7000	   1544.6000	    631.4000	   1648.6000
    644.9000	   1468.1000	    660.6000	   1510.1000
    956.1000	   1376.6000	    984.6000	   1452.3000
   1082.1000	   1333.1000	   1105.8000	   1390.1000
   1105.8000	   1322.0000	   1151.1000	   1414.5000
   1038.7000	   1184.6000	   1055.1000	   1250.6000
    993.2000	   1192.1000	    911.8000	   1363.1000
    917.1000	   1198.1000	    948.6000	   1255.8000
    718.8000	   1267.1000	    776.1000	   1415.8000
   1510.7000	   1302.5000	   1460.8000	   1390.1000
   1761.6000	   1552.2000	   1854.6000	   1504.3000
      6.6000	   1933.1000	    189.6000	   1898.6000
     27.0000	   1933.1000	     47.6000	   1973.6000
   1673.1000	   1570.6000	   1728.6000	   1651.1000
   1460.8000	   1578.6000	   1485.7000	   1643.2000
   1518.3000	   1693.8000	   1554.6000	   1771.4000
    776.1000	   1756.1000	    809.1000	   1841.6000
    499.4000	   1762.1000	    570.6000	   1904.6000
    679.1000	   1756.1000	    739.0000	   1938.6000
    432.6000	   1810.1000	    489.6000	   1915.8000
    272.7000	   1724.6000	    404.0000	   1954.8000
    224.1000	   1822.3000	    272.7000	   1977.1000
    299.4000	   2038.1000	    381.6000	   2173.0000
    174.4000	   1996.1000	    224.1000	   2123.6000
    219.3000	   2038.1000	    258.9000	   2134.0000
    381.9000	   1833.3000	    414.6000	   1933.1000
    404.0000	   1938.6000	    441.3000	   2038.1000
    429.5000	   2038.1000	    456.5000	   2105.6000
    357.9000	   2134.0000	    776.1000	   2020.1000
    747.5000	   1938.6000	    792.6000	   2105.6000
   1485.7000	   1798.8000	   1647.6000	   1732.6000
   1968.8000	   1657.1000	   2033.0000	   1786.1000
   2033.0000	   1648.6000	   2070.5000	   1714.8000
   2022.9000	   1345.5000	   2070.5000	   1439.6000
   2070.5000	   1475.6000	   2115.5000	   1562.6000
   2063.0000	   1492.1000	   2148.0000	   1468.1000
   1871.1000	   1492.1000	   1911.5000	   1570.8000
   1719.7000	   1714.8000	   1904.0000	   1631.6000
   1979.0000	   1376.6000	   1836.8000	   1721.6000
   1814.1000	   1714.8000	   1761.6000	   1883.2000
   1673.1000	   1798.8000	   1734.6000	   1897.8000
   1251.6000	   1977.1000	   1301.1000	   2113.1000
   2085.5000	   1848.3000	   2127.5000	   1925.6000
   1791.9000	   1786.1000	   1830.6000	   1873.1000
   1844.1000	   1848.3000	   1904.0000	   1988.3000
   1922.0000	   1996.1000	   1950.5000	   2077.1000
   1093.9000	   1774.1000	   1139.1000	   1882.4000
   1172.1000	   1904.6000	   1184.8000	   1973.6000
   1382.3000	   1841.6000	   1415.1000	   1897.8000
   1251.6000	   1876.4000	   1233.8000	   1833.3000
   1344.9000	   1724.6000	   1359.6000	   1810.1000
   1836.8000	   1415.8000	   1874.1000	   1482.0000
    480.1000	   2123.6000	    495.6000	   2146.0000
    499.4000	   2177.2000	    543.6000	   2258.5000
    598.7000	   2068.4000	    631.4000	   2134.0000
   1105.8000	   1945.4000	   1172.1000	   2059.8000
   1043.4000	   2011.2000	   1074.0000	   2059.8000
   1575.6000	   1833.3000	   1607.1000	   1904.6000
   1602.9000	   1925.6000	   1668.6000	   2089.2000
   1518.3000	   1938.6000	   1591.3000	   2101.2000
   1139.1000	   2173.0000	   1045.3000	   2208.9000
    590.2000	   2300.5000	    617.3000	   2372.5000
    215.1000	   2500.0000	    308.7000	   2468.5000
     44.5000	   2272.4000	     98.1000	   2447.5000
    199.3000	   2282.5000	    143.0000	   2441.5000
      0.0000	   2113.1000	     35.9000	   2234.5000
    205.7000	   2166.0000	    224.1000	   2225.9000
    414.6000	   2537.2000	    443.0000	   2644.0000
   1791.9000	   2293.0000	   1904.0000	   2293.0000
   1643.5000	   2462.5000	   1662.6000	   2567.5000
   1685.6000	   2555.5000	   1891.3000	   2524.0000
   2051.8000	   2071.8000	   2070.5000	   2159.5000
   1437.9000	   2318.5000	   1539.6000	   2312.4000
   1172.1000	   2561.5000	   1208.1000	   2635.0000
   1105.8000	   2598.3000	   1122.6000	   2644.0000
   1370.1000	   2626.0000	   1566.6000	   2541.3000
   1499.1000	   2598.3000	   1518.3000	   2626.0000
   1712.1000	   2407.0000	   1950.5000	   2323.0000
   1816.9000	   2123.6000	   1947.5000	   2089.2000
   1848.0000	   2019.9000	   1867.1000	   2077.1000
   1692.6000	   1771.4000	   1719.7000	   1798.8000
    567.0000	   2547.3000	    603.8000	   2626.0000
    528.6000	   2598.3000	    551.1000	   2635.0000
   1096.0000	   1644.1000	   1139.1000	         NaN
