     22.6000	     62.7000	    100.6000	     62.7000	    166.6000	     62.7000	    225.1000	     62.7000	    207.1000	     83.6000	    225.1000	    113.6000	    240.1000	    155.6000	    199.6000	    218.6000	
    441.1000	     22.3000	    414.1000	     62.7000	    414.1000	     91.1000	    394.6000	    130.1000	
    367.6000	     36.6000	    367.6000	     91.1000	    387.1000	    185.6000	    394.6000	    251.6000	    408.1000	    323.6000	    414.1000	    410.6000	    426.1000	    499.1000	    435.1000	    526.1000	
     96.1000	     73.2000	    123.9000	    130.1000	    133.6000	    197.6000	    141.1000	    266.6000	
      0.0000	    277.1000	    131.4000	    356.6000	    152.4000	    374.6000	
     60.1000	    266.6000	     79.6000	    361.1000	    109.6000	    427.1000	
    163.6000	    341.6000	    270.1000	    325.9000	    342.1000	    314.6000	    406.4000	    314.6000	
    240.1000	    266.6000	    363.1000	    266.6000	    474.1000	    277.1000	    501.1000	    281.4000	
    313.6000	    112.1000	    435.1000	     76.2000	    523.6000	     62.7000	
    441.1000	    380.6000	    541.6000	    364.1000	    598.6000	    341.6000	    642.1000	    328.1000	    712.6000	    307.1000	    750.1000	    293.6000	
    571.6000	     22.3000	    595.6000	    112.1000	    619.6000	    206.6000	    640.6000	    254.6000	    664.6000	    307.1000	    687.1000	    364.1000	    712.6000	    397.1000	    744.1000	    415.1000	
    732.1000	    266.6000	    759.1000	    314.6000	    750.1000	    380.6000	    750.1000	    464.6000	
    793.6000	    452.6000	    793.6000	    403.1000	    786.1000	    355.5000	    777.1000	    293.6000	    777.1000	    199.1000	
      0.0000	    508.1000	     96.1000	    479.6000	    189.1000	    446.6000	    270.1000	    427.1000	    367.6000	    404.6000	
    141.1000	    463.7000	    163.6000	    596.6000	    190.6000	    694.1000	    214.6000	    788.6000	
    535.6000	     62.7000	    565.6000	    140.6000	    571.6000	    224.6000	    579.1000	    325.9000	    606.1000	    473.6000	    633.1000	    655.1000	    649.6000	    752.6000	    657.9000	    782.6000	    646.6000	    812.6000	    624.1000	    844.1000	    612.1000	    865.1000	    603.1000	    962.6000	
    618.1000	      0.0000	    630.1000	     87.4000	    648.1000	    161.6000	    657.9000	    218.6000	    649.5000	    274.0000	
    793.6000	    206.6000	    793.6000	    293.6000	    808.6000	    391.1000	    816.1000	    526.1000	    838.6000	    664.1000	    861.1000	    740.6000	    871.6000	    823.1000	    894.1000	    937.1000	    906.1000	   1022.6000	    916.6000	   1067.6000	
    957.1000	    151.1000	    990.1000	    281.4000	   1026.1000	    440.6000	
   1053.1000	    190.1000	   1096.6000	    496.1000	   1137.1000	    626.1000	   1155.1000	    722.6000	   1180.6000	    826.1000	   1189.6000	    871.1000	   1218.1000	    938.6000	   1231.6000	   1013.6000	
   1168.6000	     62.7000	   1248.1000	    140.6000	   1290.1000	    101.6000	
    732.1000	    146.6000	    828.9000	    140.6000	    909.1000	    136.9000	    942.1000	    137.0000	
    842.4000	    346.9000	    909.1000	    337.1000	    951.1000	    323.5000	   1062.5000	    295.9000	
    891.1000	    508.1000	    991.6000	    484.9000	   1092.0000	    463.7000	
     24.1000	    578.6000	     34.6000	    653.6000	     48.1000	    824.6000	
      0.0000	    838.1000	    102.9000	    824.6000	    240.1000	    794.6000	    336.1000	    788.6000	    449.4000	    764.6000	    517.6000	    743.6000	    595.6000	    722.6000	
    580.6000	    614.6000	    580.6000	    647.6000	    595.6000	    688.1000	    595.6000	    824.6000	    595.6000	    962.6000	    604.6000	   1129.1000	    604.6000	   1303.1000	    616.6000	   1477.1000	    628.6000	   1658.6000	    640.6000	   1747.1000	    640.6000	   1832.6000	    640.6000	   1885.1000	    669.1000	   2050.1000	    706.6000	   2180.5000	    732.1000	   2284.0000	    765.1000	   2470.0000	    783.1000	   2548.0000	
    765.1000	    722.6000	    732.1000	    794.6000	    717.1000	    844.1000	    694.6000	    880.1000	    657.9000	    952.1000	    638.0000	   1021.1000	    602.4000	   1088.8000	
     11.3000	    983.6000	    172.6000	    962.6000	    313.6000	    956.6000	    449.4000	    941.6000	    602.4000	    926.6000	
      0.0000	    730.1000	    118.6000	    712.1000	    225.1000	    691.1000	    361.6000	    662.6000	    418.6000	    671.6000	    471.1000	    676.1000	    535.6000	    676.1000	
    259.6000	    551.5000	    270.1000	    614.6000	    285.0000	    678.6000	
     60.1000	    535.1000	     79.6000	    606.5000	     88.6000	    655.1000	     92.4000	    716.1000	
    177.9000	    415.1000	    252.9000	    427.1000	    267.8000	    452.6000	
    334.2000	    722.6000	    375.1000	    637.1000	    441.1000	    545.6000	    481.6000	    445.9000	
    423.1000	    615.0000	    523.6000	    601.9000	    621.2000	    574.9000	
    449.4000	    637.1000	    463.6000	    730.1000	    481.6000	    803.6000	    508.6000	    905.7000	    541.6000	   1045.1000	    549.1000	   1088.8000	
    334.2000	    802.1000	    346.6000	    878.6000	    360.1000	    926.6000	    360.1000	   1021.1000	    370.6000	   1051.1000	
     -5.9000	   1088.8000	    154.6000	   1105.1000	    259.6000	   1081.1000	    381.1000	   1043.6000	    517.6000	   1013.6000	    595.6000	    991.1000	
    246.1000	   1013.6000	    336.1000	    983.6000	    435.1000	    983.6000	    565.6000	    955.1000	
    214.6000	    802.1000	    222.8000	    878.6000	    240.1000	    955.1000	
     60.1000	    838.1000	     65.7000	    916.1000	     62.9000	    976.9000	
    375.1000	    794.6000	    553.6000	    812.6000	    588.1000	    812.6000	
    670.6000	    794.6000	    816.1000	    770.6000	    863.3000	    758.2000	
    618.1000	    920.6000	    657.9000	    914.6000	    717.1000	    893.6000	    808.6000	    884.6000	    881.1000	    871.0000	
    652.2000	    971.6000	    785.4000	    962.6000	    829.6000	    967.1000	    891.1000	    962.6000	
    706.6000	    860.9000	    717.1000	    997.1000	    732.1000	   1079.6000	    741.1000	   1177.1000	    765.1000	   1351.1000	    793.6000	   1492.1000	    828.1000	   1627.1000	
    694.6000	   1406.6000	    749.6000	   1592.6000	    765.1000	   1727.6000	
    657.9000	   1472.6000	    657.9000	   1529.6000	    683.8000	   1615.1000	    657.9000	   1699.1000	
    246.1000	   1129.1000	    405.9000	   1129.1000	    543.1000	   1133.4000	    596.7000	   1135.1000	
    285.0000	   1567.1000	    370.6000	   1429.1000	    481.6000	   1235.6000	    549.1000	   1129.1000	
      0.0000	   1328.6000	    193.1000	   1298.6000	    405.9000	   1244.0000	    535.6000	   1217.6000	    602.4000	   1207.1000	    706.6000	   1172.6000	
    652.2000	   1135.1000	    804.1000	   1105.1000	    891.1000	   1078.1000	    964.6000	   1058.6000	   1053.1000	   1048.1000	   1099.6000	   1040.6000	   1173.1000	   1028.6000	   1290.1000	   1013.6000	   1431.1000	    971.6000	
      0.0000	   1201.1000	    100.6000	   1172.6000	    156.8000	   1160.6000	    177.9000	   1156.1000	    214.6000	   1135.1000	    375.1000	   1120.1000	
    259.6000	   1447.1000	    429.1000	   1420.1000	    596.7000	   1385.6000	
    208.6000	   1823.6000	    163.6000	   1909.1000	    109.6000	   2012.6000	    101.0000	   2072.6000	
     76.3000	   1367.6000	    233.1000	   1385.6000	    321.1000	   1385.6000	
    272.3000	   1594.1000	    433.6000	   1581.3000	    499.2000	   1574.6000	    555.1000	   1558.1000	    621.6000	   1552.1000	
     48.1000	   1727.6000	    177.9000	   1727.6000	    268.6000	   1727.6000	    386.4000	   1727.6000	    475.6000	   1727.6000	    565.6000	   1711.1000	    634.1000	   1699.1000	
    511.6000	   1660.1000	    535.6000	   1823.6000	    588.1000	   2072.6000	    621.6000	   2320.0000	    670.8000	   2548.0000	
    208.6000	   1802.6000	    241.6000	   1984.0000	    278.7000	   2149.0000	    304.6000	   2272.0000	    341.1000	   2434.0000	
      0.0000	   2260.0000	    196.6000	   2260.0000	    352.6000	   2260.0000	    435.1000	   2260.0000	    477.1000	   2246.5000	    613.5000	   2260.0000	
      0.0000	   2197.0000	    101.0000	   2170.0000	    196.6000	   2161.0000	    333.1000	   2140.0000	    414.1000	   2129.5000	    471.1000	   2118.3000	    525.1000	   2104.0000	    591.2000	   2095.5000	
    375.1000	   1837.1000	    397.6000	   1976.9000	    409.6000	   2104.0000	    430.6000	   2197.0000	
    423.1000	   2127.8000	    447.0000	   2281.0000	    472.6000	   2410.0000	    483.1000	   2515.0000	    493.6000	   2548.0000	
    447.0000	   2422.0000	    580.6000	   2411.5000	    634.1000	   2422.0000	
      7.6000	   2458.0000	    244.6000	   2392.0000	    423.1000	   2351.5000	    621.6000	   2308.0000	
      0.0000	   2345.5000	    177.9000	   2345.5000	    272.3000	   2329.0000	    394.6000	   2308.0000	    504.1000	   2308.0000	
      7.6000	   2127.8000	     53.9000	   2369.5000	     95.1000	   2555.5000	
    154.8000	   2000.6000	    177.9000	   2146.3000	    208.6000	   2308.0000	    233.1000	   2467.0000	    252.1000	   2548.0000	
     95.1000	   2104.0000	    120.2000	   2215.0000	    171.1000	   2300.5000	    217.8000	   2367.8000	
    550.6000	   1741.1000	    634.1000	   1861.1000	    538.5000	   1837.1000	    411.1000	   1873.1000	    322.6000	   1892.6000	    208.6000	   1925.6000	    567.9000	   1976.9000	    447.0000	   1984.0000	    325.6000	   1994.6000	    192.1000	   2017.1000	
    580.6000	   1960.1000	    613.5000	   1954.1000	    652.5000	   1954.1000	
    670.8000	   2326.8000	    714.5000	   2444.5000	    706.6000	   2464.0000	    714.5000	   2548.0000	
    772.6000	   2367.8000	    799.6000	   2326.8000	    828.1000	   2294.5000	
    828.1000	   2246.5000	    853.6000	   2367.8000	    894.1000	   2548.0000	
    714.5000	   1984.0000	    745.6000	   2023.1000	    783.1000	   2103.7000	    800.4000	   2158.0000	    808.6000	   2197.0000	
    721.6000	   1924.1000	    847.6000	   1903.2000	    906.1000	   1889.6000	
    988.6000	   2548.0000	    940.6000	   2470.0000	    906.1000	   2377.0000	    867.1000	   2314.0000	
    894.1000	   2326.8000	    874.6000	   2274.3000	    837.1000	   2224.3000	    818.7000	   2156.5000	    800.4000	   2063.6000	    747.1000	   1976.9000	    714.5000	   1918.1000	
    657.9000	   1918.1000	    694.6000	   1837.1000	    721.6000	   1786.1000	
    748.6000	   1786.1000	    813.9000	   1777.1000	    877.6000	   1777.1000	    981.1000	   1757.6000	   1005.1000	   1757.6000	
    808.6000	   2042.6000	    939.1000	   2017.1000	   1027.6000	   2011.1000	   1197.1000	   1982.6000	   1320.1000	   1967.4000	
    837.1000	   2170.0000	    952.6000	   2155.0000	   1092.1000	   2127.8000	   1186.6000	   2104.0000	   1342.6000	   2089.0000	
    888.1000	   2294.5000	    997.6000	   2260.0000	   1141.6000	   2212.7000	   1296.1000	   2186.5000	   1363.6000	   2170.0000	
   1033.6000	   1670.6000	   1050.1000	   1771.8000	   1064.3000	   1852.1000	   1078.6000	   1957.1000	   1089.8000	   2035.1000	   1105.6000	   2072.6000	   1105.6000	   2124.4000	   1125.8000	   2170.0000	   1140.1000	   2253.3000	   1147.6000	   2326.8000	   1147.6000	   2367.8000	   1156.6000	   2411.5000	
    951.1000	   2444.5000	   1125.8000	   2422.0000	   1266.1000	   2383.0000	
   1342.6000	   2246.5000	   1363.6000	   2284.4000	   1363.6000	   2345.5000	   1401.1000	   2485.0000	   1417.6000	   2548.0000	
   1299.1000	   2548.0000	   1446.1000	   2516.5000	   1543.6000	   2506.0000	
   1276.6000	   2416.8000	   1421.3000	   2374.0000	   1536.1000	   2367.8000	
   1249.6000	   2284.4000	   1276.6000	   2437.4000	   1276.6000	   2548.0000	
   1033.6000	   2284.4000	   1081.6000	   2274.3000	   1185.1000	   2260.0000	   1299.1000	   2260.0000	   1380.1000	   2246.5000	   1417.6000	   2246.5000	
    871.6000	   1757.6000	    894.1000	   1852.1000	    913.6000	   1903.2000	    927.8000	   1976.9000	
    961.6000	   1903.2000	   1120.6000	   1903.2000	   1218.1000	   1895.6000	
   1198.6000	   1607.6000	   1212.1000	   1670.6000	   1212.1000	   1771.8000	   1225.6000	   1867.2000	   1225.6000	   1960.1000	
    783.1000	   1750.1000	    800.4000	   1837.1000	    837.1000	   1984.0000	
    286.6000	   1660.1000	    306.7000	   1786.1000	    314.6000	   1823.6000	
   1623.1000	   2356.0000	   1659.1000	   2444.5000	   1690.6000	   2527.0000	   1696.6000	   2548.0000	
   1597.6000	   2356.0000	   1615.6000	   2444.5000	   1639.6000	   2548.0000	
   1543.6000	   2170.0000	   1569.1000	   2265.5000	   1579.6000	   2367.8000	   1591.6000	   2431.0000	
   1554.1000	   2337.9000	   1536.1000	   2246.5000	   1465.6000	   2135.5000	   1426.6000	   2029.8000	   1380.1000	   1934.6000	   1342.6000	   1826.6000	   1342.6000	   1771.8000	
   1354.7000	   2172.2000	   1354.7000	   2118.3000	   1326.1000	   2029.8000	   1326.1000	   1937.6000	   1320.1000	   1879.1000	   1342.6000	   1826.6000	
   1438.6000	   1793.6000	   1530.1000	   1750.1000	   1618.6000	   1713.3000	
   1431.1000	   1837.1000	   1482.1000	   1802.6000	   1536.1000	   1783.8000	
   1659.8000	   1852.1000	   1597.6000	   1940.6000	   1554.1000	   1997.0000	   1509.1000	   2041.1000	   1522.6000	   2118.3000	   1509.1000	   2146.3000	
   1649.9000	   2422.0000	   1731.1000	   2405.5000	   1803.1000	   2377.2000	   1819.6000	   2356.0000	   1840.6000	   2337.9000	
   1818.1000	   2422.0000	   1891.5000	   2411.5000	   1996.5000	   2416.2000	   2056.5000	   2411.5000	
   1812.1000	   2383.0000	   1923.0000	   2367.8000	   2034.0000	   2356.0000	
   1726.6000	   2536.0000	   1789.6000	   2536.0000	   1840.6000	   2519.5000	   1912.5000	   2519.5000	   2014.5000	   2519.5000	
   1603.6000	   2314.0000	   1639.6000	   2294.2000	   1818.1000	   2274.3000	   1896.0000	   2265.5000	
   1896.0000	   2122.4000	   2014.5000	   2090.5000	   2115.0000	   2064.5000	
   1870.6000	   1967.4000	   1870.6000	   2005.0000	   1896.0000	   2029.8000	
   1719.1000	   2118.3000	   1831.6000	   2064.5000	   1992.0000	   2000.6000	
   1597.6000	   1960.1000	   1726.9000	   1954.1000	   1772.3000	   1948.1000	
   1554.1000	   2191.6000	   1664.2000	   2104.0000	   1696.6000	   2070.1000	
   1726.6000	   2051.2000	   1803.1000	   1967.4000	   1848.1000	   1933.1000	
   1876.5000	   1948.1000	   1944.0000	   1948.1000	   1999.5000	   1933.1000	   2061.8000	   1933.1000	
   1679.2000	   1771.8000	   1696.6000	   1867.0000	   1708.6000	   1918.1000	   1708.6000	   1940.6000	
   1528.6000	   1802.6000	   1521.1000	   1879.1000	   1528.6000	   1906.8000	   1521.1000	   2017.1000	
   1431.1000	   1846.1000	   1448.3000	   1918.1000	   1462.6000	   1976.9000	
   1005.1000	   1879.1000	    981.1000	   1786.1000	    961.6000	   1684.1000	    940.6000	   1581.3000	    927.8000	   1543.1000	    927.8000	   1517.6000	    927.8000	   1487.6000	    927.8000	   1454.6000	    927.8000	   1406.6000	    927.8000	   1328.6000	    927.8000	   1244.0000	    927.8000	   1184.6000	    927.8000	   1144.1000	    940.6000	   1105.1000	    940.6000	   1051.1000	    927.8000	   1006.1000	    927.8000	    949.1000	
   1018.6000	   1013.6000	   1012.6000	    983.6000	   1012.6000	    962.6000	    997.6000	    920.6000	    976.6000	    847.1000	    961.6000	    803.6000	    961.6000	    758.2000	
   1053.1000	   1037.6000	   1064.3000	   1088.8000	   1062.5000	   1172.6000	   1058.7000	   1268.6000	   1062.5000	   1411.8000	   1064.3000	   1463.6000	   1058.7000	   1487.6000	   1062.5000	   1558.1000	   1074.1000	   1727.6000	
   1171.6000	   1289.6000	   1171.6000	   1385.6000	   1171.6000	   1447.1000	
   1089.8000	   1566.3000	   1142.3000	   1546.1000	   1189.6000	   1546.1000	
    916.6000	   1867.0000	   1012.6000	   1846.1000	   1033.6000	   1837.1000	   1122.1000	   1812.4000	
    652.2000	   1793.6000	    721.6000	   1731.7000	    771.7000	   1711.1000	    837.1000	   1694.6000	
   1198.6000	   1289.6000	   1212.1000	   1358.6000	   1231.6000	   1411.8000	   1249.6000	   1465.1000	   1249.6000	   1522.1000	   1249.6000	   1601.6000	
   1256.3000	   1540.8000	   1276.6000	   1627.1000	   1276.6000	   1687.1000	   1305.1000	   1731.7000	
   1326.1000	   1694.6000	   1320.1000	   1570.8000	   1320.1000	   1463.6000	   1280.7000	   1348.1000	   1249.6000	   1252.1000	   1207.6000	   1172.6000	   1179.1000	   1105.1000	   1156.6000	   1037.6000	   1122.1000	    983.6000	   1105.6000	    935.6000	   1074.1000	    893.6000	   1033.6000	    860.9000	   1015.9000	    788.6000	    997.6000	    730.1000	    975.1000	    701.6000	
   1041.7000	    885.9000	   1080.1000	    949.1000	   1095.1000	   1013.6000	   1105.6000	   1029.4000	
   1095.1000	    957.6000	   1122.1000	   1013.6000	   1142.3000	   1060.1000	   1156.6000	   1135.1000	   1156.6000	   1172.6000	
   1231.6000	   1289.6000	   1239.1000	   1329.8000	   1231.6000	   1385.6000	
   1419.1000	   1646.6000	   1536.1000	   1585.8000	   1738.6000	   1505.6000	   1844.3000	   1472.6000	
   1848.1000	   1522.1000	   2001.0000	   1487.6000	   2125.0000	   1430.6000	
   1483.6000	   1421.6000	   1632.1000	   1348.1000	   1772.3000	   1301.0000	   1917.0000	   1301.0000	   2025.0000	   1289.6000	   2079.0000	   1282.1000	
   1363.6000	   1201.1000	   1560.1000	   1120.1000	   1708.6000	   1072.1000	   1787.3000	   1053.4000	   1848.1000	   1037.6000	
   1855.6000	   1029.4000	   1959.0000	    984.4000	   1975.5000	    983.6000	   2061.8000	    955.1000	   2086.5000	    943.1000	   2125.0000	    943.1000	
   1597.6000	   1421.6000	   1631.7000	   1463.2000	   1679.2000	   1505.6000	
   1483.6000	   1701.1000	   1495.6000	   1627.1000	   1477.6000	   1552.1000	   1477.6000	   1478.0000	   1462.6000	   1328.6000	   1455.1000	   1172.6000	
   1911.0000	   1679.6000	   2041.5000	   1607.6000	   2058.1000	   1601.6000	   2101.5000	   1585.8000	
   1938.0000	   1406.6000	   2025.0000	   1367.6000	   2102.3000	   1329.8000	
   1911.0000	   1320.8000	   1876.5000	   1250.6000	   1816.6000	   1166.6000	   1750.6000	   1088.8000	   1679.2000	   1004.6000	
   1404.1000	   1076.6000	   1483.6000	   1048.1000	   1584.4000	   1013.6000	   1726.6000	    962.6000	   1824.4000	    949.1000	   1917.0000	    926.6000	   2031.0000	    907.5000	   2079.0000	    895.8000	   2125.0000	    878.6000	
   1543.6000	   1172.6000	   1679.2000	   1144.1000	   1848.1000	   1105.1000	   1986.5000	   1088.8000	   2027.8000	   1081.2000	   2101.5000	   1067.6000	
   2125.0000	   1230.8000	   2088.0000	   1166.6000	   2035.0000	   1079.9000	
   1701.1000	   1166.6000	   1864.6000	   1172.6000	   1975.5000	   1160.6000	   2125.0000	   1135.1000	
   1876.5000	   1101.7000	   1837.6000	    971.6000	   1813.6000	    863.0000	
   1475.3000	    971.6000	   1606.1000	    914.6000	   1722.1000	    871.0000	   1795.1000	    860.9000	
   1974.4000	   1021.1000	   1911.0000	    916.3000	   1844.3000	    788.6000	   1781.3000	    662.6000	   1728.1000	    535.1000	
   1531.0000	   1132.1000	   1543.6000	   1101.7000	   1536.1000	   1067.6000	   1524.8000	   1053.4000	   1521.1000	   1037.6000	
   1543.6000	   1027.6000	   1564.6000	   1004.6000	   1592.7000	    971.6000	   1592.7000	    934.1000	
   1620.8000	    895.8000	   1632.1000	    871.0000	   1638.4000	    838.1000	   1648.6000	    803.6000	   1657.6000	    794.6000	   1764.5000	    746.3000	   1701.1000	    647.6000	   1701.1000	    637.1000	   1741.6000	    625.6000	   1740.1000	    601.9000	   1753.0000	    595.0000	
   1280.7000	   1301.0000	   1269.1000	   1184.6000	   1269.1000	   1096.1000	   1239.1000	   1020.1000	
   1108.2000	    943.1000	   1185.1000	    931.9000	   1311.1000	    943.1000	   1425.1000	    957.6000	
   1363.6000	    998.6000	   1425.1000	   1084.8000	   1462.6000	   1127.6000	
    975.1000	    346.9000	    997.6000	    463.7000	   1012.6000	    557.3000	   1041.7000	    678.6000	   1074.1000	    863.0000	
    983.7000	    730.1000	   1026.1000	    730.1000	   1117.6000	    701.6000	   1142.3000	    696.4000	
   1150.6000	    998.6000	   1142.3000	    916.3000	   1135.9000	    854.6000	   1125.8000	    758.2000	   1125.8000	    671.6000	   1119.0000	    568.1000	
   1326.1000	    637.1000	   1280.7000	    707.6000	   1259.9000	    758.2000	   1235.3000	    794.6000	   1198.6000	    824.6000	   1168.6000	    838.1000	   1135.9000	    854.6000	
   1521.1000	    452.6000	   1679.2000	    422.6000	   1781.3000	    404.6000	   1836.1000	    391.1000	   1888.6000	    404.6000	   1981.5000	    391.1000	
   1170.5000	    257.6000	   1248.1000	    190.1000	   1259.9000	    146.6000	
   1246.4000	    277.1000	   1290.1000	    337.1000	   1341.0000	    391.1000	   1368.1000	    418.1000	
   1185.1000	    595.0000	   1246.4000	    527.6000	   1290.1000	    485.9000	   1290.1000	    463.7000	   1309.6000	    427.1000	   1327.6000	    404.6000	   1368.1000	    360.3000	   1401.1000	    314.6000	   1404.1000	    293.6000	
   1413.1000	    409.1000	   1475.3000	    397.1000	   1532.3000	    391.1000	   1587.1000	    380.6000	   1692.7000	    391.1000	
   1764.5000	    304.1000	   1876.5000	    277.1000	   1963.5000	    257.6000	
   1938.0000	    151.1000	   2051.7000	    121.1000	   2125.0000	    101.6000	
   1911.0000	      7.2000	   1953.0000	     56.1000	   1990.3000	    178.1000	   2041.5000	    257.6000	
   2013.0000	    248.6000	   2085.5000	    365.6000	   2125.0000	    427.1000	
   1813.6000	    527.6000	   1938.0000	    496.1000	   2125.0000	    452.6000	
   1701.1000	      0.0000	   1719.1000	     87.4000	   1751.3000	    218.7000	   1795.1000	    347.6000	
   1413.1000	    266.6000	   1431.1000	    304.1000	   1487.3000	    337.1000	   1504.6000	    415.1000	   1543.6000	    508.1000	   1552.9000	    568.1000	
   1104.1000	    520.1000	   1165.6000	    495.8000	   1226.7000	    464.6000	
   1105.6000	    452.6000	   1226.7000	    444.3000	   1309.6000	    427.1000	
   1095.1000	    404.6000	   1119.0000	    387.0000	   1119.0000	    365.6000	   1150.6000	    337.9000	   1165.4000	    304.1000	   1207.6000	    266.6000	
   1062.5000	      7.2000	   1041.7000	     25.9000	   1052.1000	     49.2000	   1005.1000	    168.4000	
    837.1000	    637.1000	    898.6000	    637.1000	   1005.1000	    637.1000	   1086.1000	    625.6000	   1119.0000	    604.9000	
    925.6000	    685.1000	    921.8000	    615.0000	    921.8000	    584.2000	    909.1000	    557.3000	    891.1000	    485.9000	
    881.1000	    557.3000	    881.1000	    464.6000	    891.1000	    409.1000	    916.6000	    490.1000	    942.1000	    545.6000	    942.1000	    595.0000	    942.1000	    643.1000	    942.1000	    685.1000	    952.4000	    722.6000	
    990.1000	    780.4000	   1005.1000	    834.4000	   1018.6000	    858.8000	
   1728.1000	   1184.6000	   1748.1000	   1244.0000	   1751.3000	   1270.7000	
   1938.0000	   1013.6000	   2013.0000	   1020.1000	   2051.7000	   1016.9000	
   1719.1000	    367.3000	   1764.5000	    456.4000	   1692.7000	    484.9000	   1605.8000	    511.0000	   1543.6000	    535.1000	
   1900.0000	    601.9000	   1994.9000	    606.5000	   2051.7000	    601.9000	
   1764.5000	    746.3000	   1864.0000	    701.6000	   1944.0000	    678.6000	   2007.0000	    662.6000	   2070.8000	    660.2000	
   1924.5000	    678.6000	   1974.4000	    716.1000	   1986.5000	    746.3000	
   1955.5000	    788.6000	   2070.8000	    783.4000	   2125.0000	    758.2000	
   1281.1000	    615.0000	   1348.6000	    557.3000	   1389.8000	    504.4000	
   1185.1000	    346.9000	   1290.1000	    337.1000	   1368.1000	    337.1000	
     96.1000	      0.0000	    109.6000	     44.7000
    214.6000	      7.2000	    225.1000	     44.7000
    313.6000	      7.2000	    270.1000	     91.1000
    336.1000	      0.0000	    307.6000	     73.2000
    375.1000	     62.7000	    414.1000	     62.7000
    118.6000	    266.6000	    190.6000	    266.6000
    214.6000	    224.6000	    163.6000	    329.6000
     79.6000	    190.1000	    225.1000	    146.6000
     88.6000	    112.1000	     96.1000	    161.6000
      0.0000	    364.1000	    131.4000	    346.9000
    427.6000	    161.6000	    441.1000	    236.6000
    454.6000	      0.0000	    463.6000	     49.2000
    541.6000	      7.2000	    565.6000	     87.4000
      0.0000	    473.6000	     22.6000	    496.1000
    246.1000	    281.4000	    259.6000	    365.6000
    141.1000	    277.1000	    163.6000	    404.6000
     11.3000	    391.1000	    141.1000	    427.1000
     48.1000	    578.6000	      0.0000	    571.1000
     48.1000	    565.1000	    163.6000	    571.1000
    219.9000	    508.1000	    166.4000	    606.5000
    166.4000	    557.3000	    321.9000	    545.6000
    381.1000	    409.1000	    517.6000	    427.1000
    517.6000	    440.6000	    595.6000	    404.6000
    646.6000	      7.2000	    657.9000	     44.7000
    685.6000	      7.2000	    694.6000	     62.7000
    717.1000	      7.2000	    724.6000	     34.9000
    759.1000	      7.2000	    771.1000	     36.6000
    829.6000	    314.6000	    855.1000	    440.6000
    808.6000	    391.1000	    849.1000	    484.9000
    855.1000	    151.1000	    891.1000	    323.5000
    909.1000	      7.2000	    942.1000	    130.1000
   1142.3000	     34.9000	   1168.6000	     91.1000
   1327.6000	      0.0000	   1348.6000	     63.0000
   1357.6000	     91.1000	   1378.6000	    151.1000
   1378.6000	    178.1000	   1401.1000	    248.6000
    808.6000	    293.6000	    909.1000	    277.1000
    163.6000	    418.1000	    141.1000	    473.6000
    272.3000	    473.6000	    285.0000	    548.4000
    297.8000	    473.6000	    370.6000	    535.1000
    334.2000	    736.1000	    346.6000	    780.4000
    459.1000	    535.1000	    523.6000	    520.1000
    109.6000	    838.1000	    141.1000	    949.1000
    618.1000	   1076.6000	    729.9000	   1067.6000
    177.9000	   1301.0000	    150.1000	   1160.6000
    272.3000	   1144.1000	    334.2000	   1262.4000
    375.1000	   1150.1000	    397.6000	   1244.0000
     92.4000	   1184.6000	    109.6000	   1289.6000
     36.1000	   1203.2000	     48.1000	   1301.0000
    765.1000	    742.1000	    802.6000	    926.6000
    813.1000	    914.6000	    855.1000	   1144.1000
     48.1000	   1336.1000	     65.7000	   1487.6000
     42.1000	   1505.6000	     65.7000	   1627.1000
    141.1000	   1472.6000	    177.9000	   1643.6000
    278.7000	   1619.6000	    187.6000	   1802.6000
    252.1000	   1301.0000	    285.0000	   1358.6000
    340.4000	   1274.0000	    386.4000	   1367.6000
    375.1000	   1436.6000	    397.6000	   1566.3000
      0.0000	   1829.6000	    177.9000	   1829.6000
      0.0000	   2000.6000	    133.2000	   1967.4000
     27.1000	   1829.6000	     95.1000	   1976.9000
    107.2000	   2029.8000	    133.2000	   2072.6000
      0.0000	   2118.3000	     95.1000	   2089.0000
     47.5000	   1948.1000	     88.9000	   2017.1000
    640.6000	   1802.6000	    538.5000	   1837.1000
    591.2000	   2089.0000	    670.8000	   2072.6000
    631.0000	   2235.9000	    714.5000	   2212.7000
    631.0000	   2294.5000	    721.6000	   2274.3000
    765.1000	   2470.0000	    867.1000	   2458.0000
    800.4000	   2080.8000	    837.1000	   2072.6000
   1482.1000	   2284.4000	   1509.1000	   2470.0000
   1144.6000	   2470.0000	   1144.6000	   2548.0000
   1033.6000	   2416.8000	   1064.3000	   2548.0000
    988.6000	   2246.5000	   1020.1000	   2377.2000
    961.6000	   2260.0000	    988.6000	   2397.3000
   1249.6000	   2127.8000	   1266.1000	   2191.6000
   1225.6000	   2198.5000	   1225.6000	   2260.0000
    940.6000	   2029.8000	    969.1000	   2146.3000
   1249.6000	   1976.9000	   1263.1000	   2017.1000
   1263.1000	   2041.1000	   1276.6000	   2088.0000
    945.1000	   2159.7000	    954.8000	   2212.7000
    274.9000	   1823.6000	    402.9000	   1829.6000
   1870.6000	   2314.0000	   1941.0000	   2274.3000
   1664.2000	   2458.0000	   1726.6000	   2431.0000
   2073.0000	   2458.0000	   2073.0000	   2548.0000
   1959.0000	   2265.5000	   2025.0000	   2229.3000
   2008.5000	   2260.0000	   2115.0000	   2235.9000
   1649.9000	   2274.3000	   1708.6000	   2159.7000
   1708.6000	   2122.4000	   1745.2000	   2064.5000
   1726.6000	   2159.7000	   1818.1000	   2140.0000
   1917.0000	   2051.2000	   1959.0000	   2089.0000
   2025.0000	   1879.1000	   2025.0000	   1933.1000
   1679.2000	   1960.1000	   1695.4000	   2051.2000
   1840.6000	   1867.0000	   1848.1000	   1924.1000
   1896.0000	   1757.6000	   1992.0000	   1867.2000
   1609.6000	   1594.1000	   1632.1000	   1699.1000
   1282.6000	   2265.5000	   1299.1000	   2356.0000
   1337.4000	   2482.4000	   1354.7000	   2548.0000
    961.6000	    943.1000	   1033.6000	    943.1000
    954.8000	    998.6000	   1012.6000	    998.6000
   1005.1000	   1522.1000	   1033.6000	   1619.6000
    990.1000	   1573.1000	   1041.7000	   1566.3000
    954.8000	   1501.5000	   1033.6000	   1487.6000
   1171.6000	   1487.6000	   1171.6000	   1581.3000
   1095.1000	   1487.6000	   1116.1000	   1594.1000
   1139.7000	   1522.1000	   1134.1000	   1585.8000
   1122.1000	   1607.6000	   1136.9000	   1679.6000
   1080.1000	   1741.8000	   1156.6000	   1721.6000
    855.1000	   1421.6000	    871.6000	   1534.4000
    810.1000	   1230.8000	    834.1000	   1376.6000
   1179.1000	   1210.1000	   1212.1000	   1301.0000
    975.1000	    776.4000	    975.1000	    716.1000
   1165.6000	   1105.1000	   1185.1000	   1150.1000
   1165.6000	   1166.6000	   1165.6000	   1220.6000
   1280.7000	   1385.6000	   1311.1000	   1505.6000
   1354.7000	   1727.6000	   1386.1000	   1852.1000
   1772.3000	   1376.6000	   1876.5000	   1514.6000
   1944.0000	   1368.3000	   1975.5000	   1558.1000
   2041.5000	   1220.6000	   2061.8000	   1320.8000
   1564.6000	   1255.5000	   1620.8000	   1348.1000
   1524.8000	   1421.6000	   1687.3000	   1421.6000
   1618.6000	   1376.6000	   1620.8000	   1421.6000
   1509.1000	   1731.7000	   1501.6000	   1670.6000
   2088.0000	   1646.6000	   2058.1000	   1601.6000
   2088.0000	   1463.6000	   2116.5000	   1522.1000
   1938.0000	   1337.6000	   1911.0000	   1282.1000
   1953.0000	   1619.6000	   1887.0000	   1522.1000
   1648.6000	   1713.3000	   1648.6000	   1793.6000
   1755.1000	   1694.6000	   1701.1000	   1757.6000
   1913.0000	   1210.1000	   1887.0000	   1135.1000
   1836.1000	    838.1000	   1938.0000	    788.6000
   1813.6000	    802.1000	   1888.6000	    812.6000
   1887.0000	    863.0000	   2061.8000	    854.6000
   2013.0000	    776.4000	   2079.0000	    895.8000
   1619.7000	    943.1000	   1618.6000	    920.6000
   1226.7000	    986.2000	   1280.7000	    885.9000
   1295.9000	    854.6000	   1386.1000	    943.1000
   1357.6000	    736.1000	   1295.9000	    863.0000
   1368.1000	    838.1000	   1475.3000	    824.6000
   1462.6000	    838.1000	   1568.1000	    812.6000
   1431.1000	    604.9000	   1543.6000	    545.6000
   1041.7000	    161.6000	   1142.3000	    121.1000
   1142.3000	    206.6000	   1198.6000	    178.1000
   1309.6000	    112.1000	   1348.6000	    161.6000
   1212.1000	    397.1000	   1280.7000	    323.5000
   1605.8000	    329.6000	   1655.5000	    427.1000
   2041.5000	      0.0000	   2085.5000	    112.1000
   2095.5000	    571.1000	   2046.0000	    471.0000
   1913.0000	    374.6000	   1951.5000	    444.3000
   1855.6000	    346.9000	   1911.0000	    427.1000
   1836.1000	    341.6000	   1918.5000	    304.1000
   1585.6000	    101.6000	   1672.6000	    257.6000
   1672.6000	    206.6000	   1719.1000	    293.6000
   1495.6000	     63.0000	   1543.6000	      7.2000
   1401.1000	     91.1000	   1543.6000	     76.2000
   1475.3000	    112.1000	   1504.6000	    146.6000
   1568.1000	    625.6000	   1592.7000	    696.4000
   1413.1000	    584.2000	   1444.6000	    736.1000
    900.1000	    346.9000	    916.6000	    438.0000
    873.1000	    387.0000	    873.1000	    347.6000
    638.0000	    557.3000	    732.1000	    551.5000
    681.9000	    394.9000	    690.1000	    495.8000
    937.6000	   1135.1000	   1018.6000	   1132.1000
   1033.6000	   1135.1000	   1062.5000	   1135.1000
   1483.6000	   1301.0000	   1580.4000	   1289.6000
   1074.1000	   1328.6000	   1202.5000	   1309.8000
   1739.7000	   1037.6000	   1855.6000	   1053.4000
   2069.0000	    998.6000	   2125.0000	   1105.1000
   2079.0000	   1358.6000	   2110.5000	   1430.6000
   1932.3000	    512.6000	   2046.0000	    512.6000
   1564.6000	    248.6000	   1605.8000	    314.6000
   2004.0000	    360.3000	   2035.0000	    427.1000
   1618.6000	      0.0000	   1679.2000	     87.8000
   1462.6000	      0.0000	   1483.6000	     62.7000
   1413.1000	     43.9000	   1532.3000	      0.0000
   1290.1000	    625.6000	   1307.2000	    649.1000
   1290.1000	    508.1000	   1320.1000	    565.1000
   1307.2000	    464.6000	   1386.1000	    485.9000
   1246.4000	    451.2000	   1346.7000	    445.9000
   1386.1000	    440.6000	   1521.1000	    452.6000
   1179.1000	    304.1000	   1212.1000	    295.9000
   1280.7000	    285.4000	   1378.6000	    293.6000
   1870.6000	   2414.5000	   1883.3000	   2482.4000
