269.4726	5608.5659	288.6081	5316.7505	286.2162	5103.8687	283.8242	4931.6499	286.2162	4706.8086	295.7838	4450.8721	279.0403	4149.4888	276.6484	3948.5669	279.0403	3812.2268	286.2162	3675.887	314.9193	3606.521	331.6628	3496.4922	350.7982	3226.2043	360.3659	3166.406
451.2592	3089.8643	496.7059	3309.9219	523.0172	3417.5586	554.1122	3601.7371	609.1266	3924.6475	647.3975	4106.4341	647.3975	4127.9614
561.288	3412.7747	587.5992	3570.6421	604.3427	3654.3596	625.8701	3735.6851	645.0055	3850.4978	656.9651	3941.3911	678.4925	4108.8262
331.6628	4438.9121	329.2709	4663.7539	331.6628	4824.0127	350.7982	5015.3672
666.5329	3355.3684	673.7087	3309.9219	661.749	3269.259	668.9248	3235.772	654.5732	3164.0142	666.5329	3108.9998
590.1095	3913.3787	644.2477	3762.5652	682.9178	3689.092	717.7209	3582.7493	738.9894	3518.9436	766.0585	3470.606	779.593	3422.2683
748.657	3901.7776	750.5905	3824.4375	754.4575	3723.895	795.0611	3544.0791	804.7286	3503.4756	827.9307	3431.9358	856.9333	3344.928
967.1431	3650.4219	942.0075	3472.5393	942.0075	3426.1353	922.6724	3219.2502
878.2018	3399.0662	862.7338	3491.8745	854.9998	3627.2197	845.3322	3714.2275
903.3374	3459.0049	961.3426	3617.5522
1703.8087	4375.4863	1688.3407	4462.4941	1688.3407	4543.7017	1725.0773	4675.1797	1752.1464	4738.9854	1786.9495	4818.2593	1785.0159	4862.73
1607.1334	4860.7964	1645.8035	4932.3359	1665.1385	5007.7427
2431.5071	2258.4661	2343.4829	2355.9216	2264.8896	2553.9763	2195.7278	2695.4441	2192.584	2792.8994	2129.7095	2924.936	2120.2783	2978.3794	2101.416	3085.2659	2079.4099	3151.2842	2051.1165	3283.3206
2190.5269	2383.4729	2196.9751	2497.3948	2190.5269	2604.8687	2192.6763	2680.1001	2199.1248	2796.1716	2207.7227	2914.3926
2439.8657	3024.0159	2377.531	2824.1147	2332.3921	2667.2034	2263.6089	2413.5654	2235.6658	2243.7571	2218.47	2194.3191
3472.6392	1928.2181	3364.0166	2263.531	3326.2349	2457.1624	3203.4443	2698.021	3094.8218	2990.8293	2972.0312	3245.856	2882.2996	3396.9829	2646.1638	3737.0186	2608.3821	3869.2546	2561.1548	4039.2725	2461.9778	4223.4585	2334.4644	4350.9717	2192.783	4520.9893	2136.1104	4629.6118	2087.4946	4772.0679	2027.547	4900.1382	1989.3986	4961.4482	1891.3024	5129.0293	1797.2935	5254.3745	1637.8871	5417.8682	1541.1533	5503.7021
2214.7161	5780.7017	2254.5623	5737.5347	2340.896	5608.0342	2413.9475	5428.7261	2573.3325	5013.6606	2709.4741	4731.416	2848.936	4462.4536	2912.0259	4256.5815	3005.0005	4044.0679	3081.9431	3891.8469	3186.1108	3595.0027	3218.1101	3509.8982	3357.6814	3065.9937	3361.6824	3056.2068
2666.3071	5070.1094	2745.9998	4950.5708	2835.6538	4847.6343	2902.0645	4744.6982	2955.1929	4641.7622	3048.1675	4495.6592	3131.1804	4362.8379	3250.7192	4180.2095	3330.4119	4083.9141	3363.6172	4040.7473	3405.3223	3994.2573	3464.24	3907.4312	3553.0071	3748.5664	3595.8623	3678.3318	3649.4312	3599.7639	3679.1917	3562.8608
2297.7292	5681.0859	2400.6653	5594.7524	2450.4731	5525.021	2500.281	5478.5337	2563.3711	5402.1616	2639.7432	5305.8667	2651.0913	5279.0181	2688.1167	5191.1899	2778.5276	5060.3096	2800.915	5024.145
3430.1296	3225.2266	3414.625	3467.0991	3411.5242	3566.3289	3392.9185	3712.0725	3408.4231	3864.0181	3405.3223	4009.762	3420.8269	4282.6436	3445.6343	4521.4155	3454.9373	4766.3892	3458.0381	5064.0781	3445.6343	5157.106	3448.7354	5414.4834	3448.7354	5603.6401	3442.5334	5752.4849	3458.0381	5985.0547
3768.1311	6003.6602	3752.6265	5932.3389	3730.9199	5836.21	3675.1033	5721.4756	3644.094	5585.0347	3619.2864	5473.4009	3606.8828	5361.7676	3578.9744	5271.8408	3578.9744	5175.7119	3603.7817	4986.5552	3588.2771	4884.2241	3554.167	4797.3984	3541.7632	4726.0767	3551.0659	4645.4526	3541.7632	4564.8286	3529.3594	4509.0117	3516.9558	4412.8828	3523.1577	4344.6626	3523.1577	4264.0381	3507.6531	4108.9917	3504.552	4015.9636	3510.7539	3953.9451	3529.3594	3721.3752	3541.7632	3637.6501	3554.167	3581.8335	3560.3689	3557.0261
3575.8735	4099.689	3582.0752	4276.4419	3572.7725	4419.0845
3600.6809	4344.6626	3653.3967	4453.1948	3662.6995	4580.333	3684.406	4691.9668	3672.0022	4763.2881	3675.1033	4828.4077
3678.2041	4183.4141	3650.2959	4310.5522	3650.2959	4397.3784	3631.6902	4443.8921
2524.658	4006.6609	2617.686	4143.1021	2682.8054	4295.0474	2723.1177	4394.2773	2775.8335	4546.2227	2782.0352	4626.8472	2797.5398	4685.7646	2847.1548	4809.8018	2890.5679	4918.3345
2583.5757	4952.4448	2673.5027	4915.2334	2754.127	4853.2148	2800.6409	4791.1963	2847.1548	4732.2788	2896.7698	4667.1592
2828.5493	5864.1182	2840.9529	5802.0996	2875.0632	5699.769	2896.7698	5501.3096	2915.3752	5433.0889	2918.4761	5274.9414	2940.1826	5154.0054	2971.1919	5085.7847	2995.9995	5014.4634	3027.0088	4955.5459	3023.9077	4850.1143	3036.3115	4828.4077
3932.4805	5380.373	4056.5176	5554.0254	4109.2334	5628.4478
4825.5483	4679.563	4682.9058	5033.0688	4627.0889	5157.106	4540.2627	5296.6479	4400.7212	5507.5112
4856.5576	5274.9414	4853.457	5064.0781	4875.1636	4369.4697	4868.9614	4233.0288	4862.7598	4133.7993
4806.9429	4130.6982	4803.8418	4450.0942	4803.8418	4626.8472
4875.1636	4369.4697	4592.9785	4208.2217	4499.9507	4161.7075	4416.2256	4102.79
4413.1245	4046.9731	4651.8965	4161.7075	4887.5669	4236.1299
4490.6479	4803.6001	4493.749	4952.4448	4499.9507	5045.4727
4465.8403	4732.2788	4468.9414	4586.5352	4503.0518	4384.9746	4523.7842	4250.1953	4523.7842	4185.2188	4525.6953	4080.1094	4529.5176	4053.3545
4632.7158	3632.9172	4617.4272	3759.0483	4598.3164	3818.2917
4322.2749	5268.4404	4316.542	5169.0645	4339.4746	4989.4229	4331.8306	4851.8257	4341.3857	4727.6055	4358.5854	4654.9844	4396.8071	4475.3433	4421.6509	4268.9468	4431.2065	4203.9702	4438.8506	4106.5054	4435.0288	4072.1057	4450.3174	3972.7297	4467.5171	3892.4646	4478.9834	3812.1992	4494.272	3770.1555
4289.7866	5402.2158	4285.9644	5302.8398	4287.8755	5211.1079	4293.6089	5054.3999	4297.4312	4947.3794	4312.7197	4763.916	4333.7417	4670.2729	4337.5635	4580.4526	4343.2969	4442.855	4368.1411	4217.3477	4375.7852	4123.7051	4406.3623	4022.4177	4415.918	3924.9529	4435.0288	3791.1775	4440.7617	3752.9558
4394.896	3726.2007	4540.1377	3800.7327	4647.1582	3877.1758	4694.9351	3917.3086	4822.9775	4010.9514	4914.709	4081.6611	4945.2866	4093.1277
4274.498	4087.3945	4326.0972	4161.9263	4406.3623	4328.1904	4471.3394	4477.2544	4534.4048	4609.1187	4626.1362	4735.2495	4656.7139	4781.1157
4450.3174	3951.708	4385.3408	3846.5986	4326.0972	3728.1118	4226.7212	3537.0042	4169.3887	3431.8948	4152.189	3407.0508
3861.7053	2908.2595	3964.9036	3131.8555	4047.0798	3303.8525	4129.2563	3426.1616	4217.166	3588.603	4282.1426	3730.0229	4323.1211	3814.4697	4435.875	4020.866	4502.7627	4133.6196	4560.0947	4232.9956
4492.3608	2157.2061	4475.1611	2248.9377	4438.8506	2359.7803	4414.0068	2510.7554	4396.8071	2619.6868	4385.3408	2694.2188	4368.1411	2770.6619	4356.6743	2839.4607	4312.7197	2940.7478	4289.7866	3042.0349	4272.5869	3154.7886	4226.7212	3451.0056	4219.0767	3525.5376	4201.877	3582.8699
4442.6729	3909.6643	4414.0068	3817.9324	4387.2515	3716.6453	4354.7632	3653.5798	4314.6309	3586.6921	4280.2314	3542.7373	4203.7881	3451.0056	4180.8555	3401.3176	4161.7446	3359.2739
4431.2065	2306.27	4444.584	2378.8911	4480.8945	2527.9551	4490.4497	2673.197	4494.272	2709.5073	4488.5391	2782.1284	4488.5391	2879.5933	4490.4497	3001.9023	4471.3394	3036.3018	4459.8726	3072.6121
1346.3334	2716.7231	1519.6666	2798.7231	1624.3334	2841.3899	1663.6666	2865.3899	1706.3334	2894.0566	1809	2968.0566	1865	3023.3899	1925	3054.0566	1997.6666	3103.3899	2133	3162.0566	2187	3181.3899	2209.6667	3192.7231
4537.1621	4874.9214	4552.6665	4760.187	4589.8779	4586.5352	4605.3823	4279.543	4627.0889	4093.4871	4648.7954	3984.9543	4701.5112	3746.1829	4726.3188	3572.5308	4751.126	3414.3833	4810.0439	3215.9236	4827.604	3140.5352	4840.1221	3092.311	4857.5396	2993.1055	4883.2876	2895.4143	4902.2202	2848.4622
1680.1848	4224.1914	1673.5532	4322.835	1667.7507	4375.0581	1656.1455	4440.5439	1647.7371	4495.3638	1649.6705	4603.6401	1661.2716	4661.6455	1672.8726	4748.6528	1690.2742	4893.666
3649.0496	4842.0181	3658.5942	4874.5562	3656.8589	4928.3525	3655.1233	4973.4727	3655.1233	5029.8721	3650.7849	5084.1025	3652.5203	5151.7822	3655.5571	5242.4556	3655.5571	5266.3169
3694.6033	4926.1836	3690.2646	5000.8047	3687.6616	5048.9614	3687.2278	5087.1396	3687.2278	5171.7388	3697.2063	5232.043	3697.6401	5274.126	3704.1477	5311.4365	3703.7139	5369.5718	3707.6184	5441.1558	3707.1846	5479.334	3708.4861	5544.8442	3707.1846	5557.8599
3643.8435	4986.4878	3621.2837	5024.666	3614.7759	5069.3521	3624.7544	5113.604	3624.7544	5150.9146	3624.3206	5181.7173	3625.6221	5203.8433
3657.7266	5187.3574	3662.9326	5242.0215	3664.2341	5298.4214	3665.9695	5340.938
3367.8938	2896.4656	3367.8938	2934.5925	3359.7239	3061.9087	3350.873	3178.3315	3330.448	3555.5142	3327.7246	3655.5972	3324.3203	3891.166	3322.2778	3923.8462	3320.9163	3934.7395
3539.7944	2815.3804	3620.8687	2907.427	3713.0264	2990.126	3977.9678	3206.0608	4027.2805	3265.7874	4030.6497	3269.1567
